7.376925349235534668e-01
4.390995502471923828e-01
1.911429017782211304e-01
2.732835412025451660e-01
1.384436786174774170e-01
3.118547610938549042e-02
1.908618584275245667e-02
3.559026494622230530e-02
1.594663225114345551e-02
1.920139044523239136e-02
9.437840431928634644e-03
1.082957349717617035e-02
1.025434676557779312e-02
8.209870196878910065e-03
5.882674362510442734e-03
4.728190135210752487e-03
3.854435868561267853e-03
3.407754935324192047e-03
2.829677658155560493e-03
2.595510100945830345e-03
2.136574359610676765e-03
1.876534312032163143e-03
1.828142791055142879e-03
1.694873790256679058e-03
1.519573968835175037e-03
1.351305400021374226e-03
1.249305903911590576e-03
1.123551162891089916e-03
8.650072268210351467e-04
8.359961211681365967e-04
7.998305372893810272e-04
6.763833807781338692e-04
6.945328204892575741e-04
6.349672330543398857e-04
5.870319437235593796e-04
9.486512281000614166e-04
5.726951058022677898e-04
6.451780791394412518e-04
5.879100644960999489e-04
5.562974256463348866e-04
6.503671756945550442e-04
5.387919954955577850e-04
7.215919322334229946e-04
5.529893096536397934e-04
5.642313044518232346e-04
5.676853470504283905e-04
8.646406349726021290e-04
5.139992572367191315e-04
6.979865720495581627e-04
6.081175524741411209e-04
7.628970197401940823e-04
5.339003982953727245e-04
5.661491304636001587e-04
5.722052301280200481e-04
6.181531352922320366e-04
5.284597282297909260e-04
5.399092333391308784e-04
4.756974230986088514e-04
5.437829531729221344e-04
4.904554807581007481e-04
4.859431937802582979e-04
5.085998564027249813e-04
5.721480119973421097e-04
6.476269336417317390e-04
4.889563424512743950e-04
4.632119089365005493e-04
4.594390629790723324e-04
5.288897082209587097e-04
4.818902525585144758e-04
5.312060820870101452e-04
4.909222479909658432e-04
4.353249678388237953e-04
4.501034563872963190e-04
4.811747057829052210e-04
4.854228172916918993e-04
4.592032928485423326e-04
4.242148133926093578e-04
4.644276341423392296e-04
4.332981770858168602e-04
4.721051955129951239e-04
5.724310758523643017e-04
4.092587623745203018e-04
4.299268766772001982e-04
4.123940016143023968e-04
4.226474266033619642e-04
4.765251069329679012e-04
4.359798331279307604e-04
4.330562078393995762e-04
4.905327223241329193e-04
4.630033799912780523e-04
4.088276182301342487e-04
4.819060559384524822e-04
4.274755483493208885e-04
3.971995320171117783e-04
4.346178320702165365e-04
4.306093906052410603e-04
4.764423065353184938e-04
4.717537376563996077e-04
4.796537396032363176e-04
5.814369069412350655e-04
6.584582733921706676e-04
7.563824183307588100e-04
6.423090817406773567e-04
5.356400506570935249e-04
3.938569570891559124e-04
3.930804377887398005e-04
4.197170783299952745e-04
3.737205406650900841e-04
4.173142951913177967e-04
4.065372922923415899e-04
5.073783686384558678e-04
4.425928636919707060e-04
5.349662969820201397e-04
5.766564863733947277e-04
4.250582423992455006e-04
4.689142224378883839e-04
3.637725021690130234e-04
5.037613445892930031e-04
3.779891994781792164e-04
3.540416655596345663e-04
3.830359783023595810e-04
3.590295382309705019e-04
4.144952981732785702e-04
4.540120135061442852e-04
4.146887804381549358e-04
4.323541652411222458e-04
5.634818808175623417e-04
5.484645953401923180e-04
5.606480990536510944e-04
4.707599000539630651e-04
4.158182709943503141e-04
3.952344413846731186e-04
4.724213504232466221e-04
3.713644691742956638e-04
4.250923811923712492e-04
4.217182868160307407e-04
3.692671307362616062e-04
3.844409075099974871e-04
3.969362587668001652e-04
3.909818769898265600e-04
3.576484159566462040e-04
3.743885026779025793e-04
3.731870383489876986e-04
4.077461198903620243e-04
3.761569096241146326e-04
4.003366630058735609e-04
4.220204136800020933e-04
4.131482855882495642e-04
3.686295531224459410e-04
3.280479286331683397e-04
4.068639245815575123e-04
4.255075764376670122e-04
4.063841479364782572e-04
4.058365593664348125e-04
3.904672048520296812e-04
4.482954682316631079e-04
4.902046639472246170e-04
4.415724542923271656e-04
4.514130705501884222e-04
3.969969111494719982e-04
3.607530088629573584e-04
3.960002504754811525e-04
3.877841809298843145e-04
3.947797813452780247e-04
3.589945263229310513e-04
3.939230518881231546e-04
3.933909756597131491e-04
4.127700522076338530e-04
3.631352738011628389e-04
3.589662956073880196e-04
3.562512865755707026e-04
3.550527326297014952e-04
3.638335037976503372e-04
3.984037030022591352e-04
3.903217439074069262e-04
3.992896818090230227e-04
3.819931880570948124e-04
4.502733063418418169e-04
4.386956861708313227e-04
3.660435613710433245e-04
3.925394266843795776e-04
3.678301000036299229e-04
3.477802674751728773e-04
3.834842354990541935e-04
3.411009092815220356e-04
4.171676700934767723e-04
3.611517022363841534e-04
3.815807285718619823e-04
4.036538302898406982e-04
3.493098192848265171e-04
3.908037906512618065e-04
4.182564443908631802e-04
4.834684077650308609e-04
4.521619703155010939e-04
4.259555716998875141e-04
3.312618064228445292e-04
3.637328918557614088e-04
4.295181715860962868e-04
3.724049893207848072e-04
3.560982586350291967e-04
3.919239970855414867e-04
3.595103626139461994e-04
4.424461803864687681e-04
4.282769805286079645e-04
3.926666686311364174e-04
3.594387671910226345e-04
3.620772913563996553e-04
3.457521379459649324e-04
3.781842824537307024e-04
4.475391178857535124e-04
3.948379307985305786e-04
4.142813559155911207e-04
3.201237122993916273e-04
3.395377425476908684e-04
4.256631073076277971e-04
3.628778504207730293e-04
3.850241773761808872e-04
4.092092567589133978e-04
3.218532365281134844e-04
3.739022940862923861e-04
3.458350547589361668e-04
3.392718208488076925e-04
3.560279146768152714e-04
3.348794707562774420e-04
3.538575838319957256e-04
3.795580705627799034e-04
3.354045911692082882e-04
3.740911197382956743e-04
3.412589430809020996e-04
3.753914206754416227e-04
4.506915865931659937e-04
3.845509490929543972e-04
3.344152646604925394e-04
3.314916684757918119e-04
4.655714437831193209e-04
3.989024844486266375e-04
3.513160336297005415e-04
4.766607307828962803e-04
5.046599544584751129e-04
3.908194776158779860e-04
3.513259871397167444e-04
4.945449763908982277e-04
4.306244372855871916e-04
5.439631058834493160e-04
3.674877225421369076e-04
3.737934748642146587e-04
3.497141879051923752e-04
5.094670923426747322e-04
4.384614876471459866e-04
3.694076149258762598e-04
3.628321283031255007e-04
4.251724458299577236e-04
4.050542192999273539e-04
4.468300612643361092e-04
3.820987767539918423e-04
3.786643501371145248e-04
3.103906929027289152e-04
6.832473445683717728e-04
4.244246229063719511e-04
4.311109660193324089e-04
3.865246253553777933e-04
5.146402982063591480e-04
7.531817536801099777e-04
4.713100497610867023e-04
4.228120669722557068e-04
4.804714699275791645e-04
4.396552394609898329e-04
4.208939208183437586e-04
3.770464682020246983e-04
3.892159729730337858e-04
4.566965799313038588e-04
3.958068846259266138e-04
3.793550422415137291e-04
3.549828252289444208e-04
3.632224397733807564e-04
4.245054733473807573e-04
3.345373261254280806e-04
4.524052492342889309e-04
3.548238310031592846e-04
4.071783914696425200e-04
3.735467325896024704e-04
3.828971530310809612e-04
3.744294226635247469e-04
4.866597882937639952e-04
3.383377916179597378e-04
4.667121684178709984e-04
3.346043231431394815e-04
3.631602739915251732e-04
5.129017517901957035e-04
4.655404773075133562e-04
4.561289388220757246e-04
4.547061689663678408e-04
4.284054157324135303e-04
5.746899405494332314e-04
3.562679048627614975e-04
3.790402843151241541e-04
4.681881400756537914e-04
5.445503629744052887e-04
3.869168285746127367e-04
7.175788050517439842e-04
4.270750796422362328e-04
9.598683100193738937e-04
1.074668369255959988e-03
1.643736381083726883e-03
1.457261620089411736e-03
1.355321030132472515e-03
1.194234122522175312e-03
8.772772271186113358e-04
5.832544411532580853e-04
7.020520861260592937e-04
6.216939073055982590e-04
7.227984606288373470e-04
5.579844000749289989e-04
5.266379448585212231e-04
6.069319206289947033e-04
6.152268033474683762e-04
4.798506561201065779e-04
6.660447688773274422e-04
5.401678499765694141e-04
7.003954960964620113e-04
4.334542318247258663e-04
5.479462561197578907e-04
5.521032726392149925e-04
5.761316278949379921e-04
5.713598220609128475e-04
6.611697608605027199e-04
7.688643527217209339e-04
6.226862315088510513e-04
5.156896659173071384e-04
4.859700275119394064e-04
4.473288427107036114e-04
5.473658675327897072e-04
4.720338329207152128e-04
6.616670871153473854e-04
5.750990239903330803e-04
5.832276656292378902e-04
5.840279045514762402e-04
5.333506851457059383e-04
4.956200718879699707e-04
5.884852143935859203e-04
5.657714209519326687e-04
5.158194690011441708e-04
4.757270799018442631e-04
5.198850412853062153e-04
5.133655504323542118e-04
4.984965780749917030e-04
6.423809682019054890e-04
5.465309950523078442e-04
4.913849406875669956e-04
4.842652706429362297e-04
4.665938322432339191e-04
4.467552353162318468e-04
4.750172374770045280e-04
4.744332400150597095e-04
4.612753982655704021e-04
4.752490203827619553e-04
4.436233430169522762e-04
4.569573211483657360e-04
4.657129175029695034e-04
6.098775775171816349e-04
7.579477387480437756e-04
7.054322049953043461e-04
5.028293817304074764e-04
5.467203445732593536e-04
4.726014740299433470e-04
6.015200633555650711e-04
5.738783511333167553e-04
4.717269039247184992e-04
5.176106351427733898e-04
4.335203266236931086e-04
4.673229414038360119e-04
4.510725557338446379e-04
4.515019827522337437e-04
5.181326996535062790e-04
5.316823371686041355e-04
5.266387597657740116e-04
5.732193822041153908e-04
5.309671396389603615e-04
5.195201374590396881e-04
4.595855425577610731e-04
4.754578403662890196e-04
4.597470688167959452e-04
5.636685527861118317e-04
6.260193185880780220e-04
5.971280043013393879e-04
5.063971620984375477e-04
5.115725798532366753e-04
4.496889014262706041e-04
4.586480499710887671e-04
5.350642022676765919e-04
4.957977798767387867e-04
4.942959640175104141e-04
5.146833136677742004e-04
4.801051691174507141e-04
5.585643230006098747e-04
5.140288267284631729e-04
5.169908399693667889e-04
5.353017477318644524e-04
4.953438765369355679e-04
4.570595629047602415e-04
4.678259429056197405e-04
4.881114291492849588e-04
6.275859195739030838e-04
5.837172502651810646e-04
5.411183810792863369e-04
4.321385640650987625e-04
4.572582838591188192e-04
5.596159608103334904e-04
1.015308080241084099e-03
7.308444473892450333e-04
5.078247049823403358e-04
5.647150101140141487e-04
4.314286634325981140e-04
5.966764874756336212e-04
1.068737590685486794e-03
1.142728724516928196e-03
8.307045791298151016e-04
1.046088873408734798e-03
7.522566011175513268e-04
8.337212493643164635e-04
5.308500258252024651e-04
9.060389129444956779e-04
5.193102988414466381e-04
5.156712140887975693e-04
4.707673797383904457e-04
6.305707502178847790e-04
5.183433531783521175e-04
5.885994178242981434e-04
5.669979727827012539e-04
5.424526752904057503e-04
4.897878970950841904e-04
5.478081875480711460e-04
5.101615097373723984e-04
5.491570336744189262e-04
5.338820628821849823e-04
4.591901379171758890e-04
5.521439597941935062e-04
4.184987046755850315e-04
6.267811986617743969e-04
4.909746930934488773e-04
5.274995346553623676e-04
5.785636603832244873e-04
6.385707529261708260e-04
5.012547480873763561e-04
6.986557273194193840e-04
5.323218065313994884e-04
6.105500506237149239e-04
7.312653469853103161e-04
5.586374900303781033e-04
7.600851822644472122e-04
8.825477561913430691e-04
7.350086816586554050e-04
6.928259390406310558e-04
5.904118879698216915e-04
5.077669629827141762e-04
4.390081739984452724e-04
5.113675724714994431e-04
5.000989767722785473e-04
5.819578072987496853e-04
5.259394529275596142e-04
6.571702542714774609e-04
5.105754826217889786e-04
6.207805126905441284e-04
6.186863174661993980e-04
5.964047741144895554e-04
6.262228125706315041e-04
5.103473085910081863e-04
5.072731873951852322e-04
4.868553369306027889e-04
4.687604377977550030e-04
5.068154423497617245e-04
4.862307687290012836e-04
4.823045455850660801e-04
5.106831085868179798e-04
5.342237418517470360e-04
5.684202769771218300e-04
5.106930038891732693e-04
5.102090653963387012e-04
5.329782725311815739e-04
5.257019074633717537e-04
5.426599527709186077e-04
5.270356778055429459e-04
5.128969205543398857e-04
5.409367731772363186e-04
5.412058089859783649e-04
5.531828501261770725e-04
5.093147046864032745e-04
4.948804271407425404e-04
4.812680126633495092e-04
4.929893184453248978e-04
4.818463639821857214e-04
5.238339072093367577e-04
5.054300418123602867e-04
5.636445712298154831e-04
4.930812283419072628e-04
5.019113887101411819e-04
5.069457693025469780e-04
5.219047307036817074e-04
5.362739320844411850e-04
5.408338620327413082e-04
5.414842162281274796e-04
5.238427547737956047e-04
4.735451948363333941e-04
4.969672881998121738e-04
4.652497591450810432e-04
4.960771184414625168e-04
5.405812989920377731e-04
5.569895147345960140e-04
4.957650671713054180e-04
5.150458309799432755e-04
5.231405375525355339e-04
5.210251547396183014e-04
4.990137531422078609e-04
5.103939911350607872e-04
4.728962085209786892e-04
4.998750519007444382e-04
4.741345765069127083e-04
5.286263185553252697e-04
5.326214595697820187e-04
4.710369103122502565e-04
5.533618968911468983e-04
5.051097250543534756e-04
4.908410483039915562e-04
4.592889454215764999e-04
4.866183444391936064e-04
6.995962467044591904e-04
6.671266746707260609e-04
5.457967054098844528e-04
5.192215903662145138e-04
4.488300764933228493e-04
5.349239800125360489e-04
5.740371998399496078e-04
6.015644758008420467e-04
4.672320210374891758e-04
4.901250940747559071e-04
4.527043201960623264e-04
4.869613039772957563e-04
5.974175874143838882e-04
5.313826841302216053e-04
5.004069535061717033e-04
4.921323852613568306e-04
5.009510787203907967e-04
5.137149710208177567e-04
4.754477995447814465e-04
5.060391849838197231e-04
5.692318081855773926e-04
5.222713807597756386e-04
4.841536865569651127e-04
5.179439322091639042e-04
5.429089651443064213e-04
4.961688537150621414e-04
5.084648146294057369e-04
4.960382939316332340e-04
5.233887932263314724e-04
5.442322581075131893e-04
5.914156790822744370e-04
5.058597889728844166e-04
4.811373073607683182e-04
5.194653640501201153e-04
6.801428971812129021e-04
7.054005982354283333e-04
6.093496922403573990e-04
5.669594975188374519e-04
5.071022897027432919e-04
5.874569178558886051e-04
7.121227681636810303e-04
5.831765593029558659e-04
6.025588372722268105e-04
4.877835162915289402e-04
5.544598097912967205e-04
6.630792631767690182e-04
8.857258362695574760e-04
8.135315147228538990e-04
8.339722407981753349e-04
7.020166958682239056e-04
8.027126314118504524e-04
1.115670194849371910e-03
1.192322932183742523e-03
8.244506316259503365e-04
8.116812678053975105e-04
8.178806747309863567e-04
6.028983043506741524e-04
7.838415913283824921e-04
4.253807128407061100e-04
8.277912857010960579e-04
5.276874289847910404e-04
8.557883556932210922e-04
7.888430263847112656e-04
8.170330547727644444e-04
7.654325454495847225e-04
7.295876275748014450e-04
5.021350225433707237e-04
7.996950880624353886e-04
6.407642504200339317e-04
1.006081467494368553e-03
6.824689335189759731e-04
1.131142606027424335e-03
7.137997890822589397e-04
1.071798498742282391e-03
6.435149698518216610e-04
8.382042287848889828e-04
7.094999891705811024e-04
7.007922977209091187e-04
5.178631981834769249e-04
6.440014112740755081e-04
5.319819902069866657e-04
6.551965489052236080e-04
5.429959855973720551e-04
5.897827213630080223e-04
5.682485643774271011e-04
5.782410153187811375e-04
5.726154777221381664e-04
5.500687402673065662e-04
4.972125752829015255e-04
5.236002034507691860e-04
5.154804093763232231e-04
5.127798649482429028e-04
5.322968354448676109e-04
5.124855670146644115e-04
5.369171849451959133e-04
5.395250627771019936e-04
5.365673569031059742e-04
5.128578050062060356e-04
5.302270292304456234e-04
6.180927157402038574e-04
5.939141265116631985e-04
6.326852599158883095e-04
5.466654547490179539e-04
5.470082396641373634e-04
5.297067109495401382e-04
5.366047844290733337e-04
5.350770661607384682e-04
5.484568537212908268e-04
5.277213640511035919e-04
5.441603716462850571e-04
5.283515783958137035e-04
5.244156927801668644e-04
5.281606572680175304e-04
5.271559348329901695e-04
5.632020183838903904e-04
5.695251165889203548e-04
5.478895618580281734e-04
5.446880823001265526e-04
5.306177190504968166e-04
5.186542985029518604e-04
5.152431549504399300e-04
5.269529065117239952e-04
5.224619526416063309e-04
5.317346076481044292e-04
5.225072382017970085e-04
5.189189105294644833e-04
5.245683714747428894e-04
5.212456453591585159e-04
5.546743632294237614e-04
5.863137776032090187e-04
5.589262582361698151e-04
5.703974748030304909e-04
5.224354099482297897e-04
5.457963561639189720e-04
5.322766373865306377e-04
5.481053376570343971e-04
5.182672757655382156e-04
5.204274202696979046e-04
5.084844888187944889e-04
5.445562419481575489e-04
5.380973452702164650e-04
5.308915860950946808e-04
5.307259270921349525e-04
5.284156068228185177e-04
5.301801720634102821e-04
5.049170576967298985e-04
5.166170303709805012e-04
5.172578385099768639e-04
5.397616187110543251e-04
5.095314118079841137e-04
5.241373437456786633e-04
5.503022694028913975e-04
5.147618940100073814e-04
5.351902800612151623e-04
4.976537311449646950e-04
5.243177292868494987e-04
5.162964225746691227e-04
5.350479623302817345e-04
5.466820439323782921e-04
5.398099310696125031e-04
5.287466919980943203e-04
4.916155012324452400e-04
5.010582390241324902e-04
5.003100959584116936e-04
5.297942552715539932e-04
5.544291343539953232e-04
5.384615506045520306e-04
5.515739321708679199e-04
5.228042718954384327e-04
5.117771797813475132e-04
5.014654016122221947e-04
5.014302441850304604e-04
5.027909646742045879e-04
5.373111343942582607e-04
5.143839516676962376e-04
5.307688261382281780e-04
4.915461759082973003e-04
5.217205034568905830e-04
5.064026918262243271e-04
5.163844907656311989e-04
4.989065346308052540e-04
5.145589821040630341e-04
5.206561181694269180e-04
5.358463968150317669e-04
5.244447384029626846e-04
5.080737755633890629e-04
5.242896731942892075e-04
5.149942007847130299e-04
5.361862713471055031e-04
5.593897076323628426e-04
5.580118158832192421e-04
5.269446992315351963e-04
5.066901794634759426e-04
4.983306862413883209e-04
4.990635788999497890e-04
5.086946184746921062e-04
5.763139342889189720e-04
5.332347354851663113e-04
5.270523834042251110e-04
5.125040188431739807e-04
5.305746453814208508e-04
5.223516491241753101e-04
5.137133412063121796e-04
5.458373343572020531e-04
5.004804697819054127e-04
5.323981749825179577e-04
5.154628306627273560e-04
5.346469697542488575e-04
5.092996289022266865e-04
5.186488851904869080e-04
4.998040385544300079e-04
5.035263020545244217e-04
5.046068690717220306e-04
5.797125049866735935e-04
5.447290604934096336e-04
5.059293471276760101e-04
5.145049653947353363e-04
4.753495741169899702e-04
5.044691497460007668e-04
5.069114849902689457e-04
5.117557593621313572e-04
5.802231025882065296e-04
5.334016168490052223e-04
4.996340139769017696e-04
5.293511785566806793e-04
5.011599278077483177e-04
5.254120915196835995e-04
4.914990859106183052e-04
5.293682916089892387e-04
4.891871940344572067e-04
4.908698610961437225e-04
5.140008870512247086e-04
5.707243690267205238e-04
5.875727511011064053e-04
5.540184210985898972e-04
5.392955499701201916e-04
6.344881257973611355e-04
6.525918724946677685e-04
8.158094715327024460e-04
6.712293834425508976e-04
9.656883194111287594e-04
7.782604079693555832e-04
6.452011875808238983e-04
6.572217680513858795e-04
5.993460072204470634e-04
5.671709659509360790e-04
5.123451119288802147e-04
4.664277948904782534e-04
8.616264676675200462e-04
1.272267079912126064e-03
1.119564520195126534e-03
8.986825705505907536e-04
6.014890386722981930e-04
1.053537824191153049e-03
7.323623285628855228e-04
1.024472294375300407e-03
5.606819177046418190e-04
8.886742871254682541e-04
5.593343521468341351e-04
8.079933468252420425e-04
7.106183911673724651e-04
1.310247112996876240e-03
7.643826538696885109e-04
8.163584861904382706e-04
5.089599872007966042e-04
7.103550015017390251e-04
5.824104300700128078e-04
6.295070052146911621e-04
5.597228300757706165e-04
8.134044473990797997e-04
6.146147497929632664e-04
6.380791310220956802e-04
5.813639145344495773e-04
5.728208925575017929e-04
4.829991958104074001e-04
5.770745920017361641e-04
4.593890625983476639e-04
7.020793855190277100e-04
5.593004170805215836e-04
6.817466346547007561e-04
5.532053764909505844e-04
5.689313402399420738e-04
6.389986374415457249e-04
6.758853560313582420e-04
7.016052259132266045e-04
6.823887233622372150e-04
6.662848754785954952e-04
5.156911211088299751e-04
5.648247315548360348e-04
4.870040866080671549e-04
5.593208479695022106e-04
5.459543899632990360e-04
5.603352910839021206e-04
5.130382487550377846e-04
5.570417852140963078e-04
5.752332508563995361e-04
6.086956127546727657e-04
5.813828902319073677e-04
5.820736405439674854e-04
5.284370854496955872e-04
5.509393522515892982e-04
5.209267255850136280e-04
5.506392917595803738e-04
5.286202649585902691e-04
5.415652994997799397e-04
5.565123283304274082e-04
5.200259038247168064e-04
5.520912236534059048e-04
5.531855858862400055e-04
5.622735479846596718e-04
5.382277304306626320e-04
5.763684748671948910e-04
5.537959514185786247e-04
5.684428615495562553e-04
5.227928631938993931e-04
5.188573268242180347e-04
5.075845401734113693e-04
5.040260148234665394e-04
4.954426549375057220e-04
5.066218436695635319e-04
4.942161613143980503e-04
5.061467527411878109e-04
5.117130931466817856e-04
5.086393794044852257e-04
5.010323366150259972e-04
4.981423262506723404e-04
5.159884458407759666e-04
5.287141539156436920e-04
5.224111955612897873e-04
5.226654466241598129e-04
4.991745227016508579e-04
5.096642998978495598e-04
5.016790819354355335e-04
5.030860775150358677e-04
4.965646658092737198e-04
5.028771120123565197e-04
5.042021512053906918e-04
4.972311435267329216e-04
4.956217599101364613e-04
5.032502231188118458e-04
4.929182468913495541e-04
4.946401459164917469e-04
4.838975437451153994e-04
4.822240152861922979e-04
5.005522980354726315e-04
4.904050147160887718e-04
5.213812110014259815e-04
5.103817093186080456e-04
5.210957024246454239e-04
5.576350376941263676e-04
5.594798130914568901e-04
5.230914684943854809e-04
5.333107546903192997e-04
4.878343315795063972e-04
4.775918787345290184e-04
4.660995909944176674e-04
4.709901113528758287e-04
4.830052203033119440e-04
5.236518918536603451e-04
5.317576578818261623e-04
5.230290698818862438e-04
5.268013919703662395e-04
5.089377518743276596e-04
5.366927362047135830e-04
5.154435639269649982e-04
5.040823016315698624e-04
4.990305751562118530e-04
4.983807448297739029e-04
5.055124638602137566e-04
5.090597551316022873e-04
5.146395997144281864e-04
5.029728636145591736e-04
4.817222361452877522e-04
5.086165037937462330e-04
4.829895915463566780e-04
5.071420455351471901e-04
4.913702723570168018e-04
4.857302701566368341e-04
4.862908390350639820e-04
4.942670348100364208e-04
4.753517569042742252e-04
5.191265372559428215e-04
4.849587276112288237e-04
4.816532891709357500e-04
5.089990445412695408e-04
5.209682276472449303e-04
5.346888210624456406e-04
5.230949609540402889e-04
5.181285669095814228e-04
5.156141705811023712e-04
4.987569991499185562e-04
5.284306826069951057e-04
5.019517266191542149e-04
4.984875558875501156e-04
4.907553084194660187e-04
4.887167015112936497e-04
4.977034986950457096e-04
4.973809700459241867e-04
5.149474018253386021e-04
4.939398495480418205e-04
4.976219497621059418e-04
4.903621738776564598e-04
4.960799706168472767e-04
4.506614932324737310e-04
4.713332164101302624e-04
4.810295649804174900e-04
4.944723332300782204e-04
5.094554508104920387e-04
5.248995148576796055e-04
5.016960203647613525e-04
5.359059432521462440e-04
4.915969329886138439e-04
4.992215544916689396e-04
4.982403479516506195e-04
5.115400999784469604e-04
5.004625418223440647e-04
4.922797670587897301e-04
5.140368593856692314e-04
5.063882563263177872e-04
5.456558428704738617e-04
5.009372835047543049e-04
4.858186584897339344e-04
4.945405526086688042e-04
5.020121461711823940e-04
5.279835313558578491e-04
5.125703755766153336e-04
4.998742952011525631e-04
5.166158662177622318e-04
5.096844979561865330e-04
5.221752799116075039e-04
5.107452161610126495e-04
4.984377883374691010e-04
5.255439318716526031e-04
4.954051109962165356e-04
5.278433673083782196e-04
4.951381706632673740e-04
4.895487218163907528e-04
4.878594481851905584e-04
4.827643861062824726e-04
4.824664501938968897e-04
4.845312214456498623e-04
4.974962212145328522e-04
5.310875130817294121e-04
5.316787865012884140e-04
5.033573834225535393e-04
4.508964775595813990e-04
5.003236001357436180e-04
4.621096013579517603e-04
5.052656051702797413e-04
5.073649808764457703e-04
4.995248164050281048e-04
4.922327352687716484e-04
5.035982467234134674e-04
4.961311351507902145e-04
5.251237889751791954e-04
5.117877735756337643e-04
5.382103845477104187e-04
5.126825999468564987e-04
5.162395536899566650e-04
4.867594689130783081e-04
4.830626130569726229e-04
4.741899610962718725e-04
5.005245329812169075e-04
5.217766738496720791e-04
5.259021418169140816e-04
5.097951507195830345e-04
5.213491385802626610e-04
5.071904161013662815e-04
5.053727654740214348e-04
5.152287776581943035e-04
5.140134599059820175e-04
4.917601472698152065e-04
4.900509957224130630e-04
4.821694747079163790e-04
4.981532110832631588e-04
4.951881710439920425e-04
4.976183408871293068e-04
5.108020850457251072e-04
5.156352417543530464e-04
5.084677250124514103e-04
4.849365213885903358e-04
4.910879069939255714e-04
4.708195046987384558e-04
4.912129952572286129e-04
4.892105935141444206e-04
4.950952134095132351e-04
4.855479055549949408e-04
4.703854792751371861e-04
4.900244530290365219e-04
4.863811482209712267e-04
4.951834562234580517e-04
4.974980838596820831e-04
4.922205116599798203e-04
4.816407163161784410e-04
5.004557897336781025e-04
4.960893420502543449e-04
5.010458990000188351e-04
5.031382315792143345e-04
4.860654298681765795e-04
4.921667277812957764e-04
4.726384067907929420e-04
5.162497400306165218e-04
5.000710370950400829e-04
4.966210108250379562e-04
4.862125206273049116e-04
4.888324183411896229e-04
4.982009995728731155e-04
5.270966794341802597e-04
5.359318456612527370e-04
5.246928194537758827e-04
4.792650870513170958e-04
4.921269137412309647e-04
4.863709909841418266e-04
4.851521225646138191e-04
4.950893926434218884e-04
5.084380391053855419e-04
5.181824672035872936e-04
5.314082372933626175e-04
5.378002533689141273e-04
4.722011217381805182e-04
5.158158601261675358e-04
4.563935217447578907e-04
5.358390626497566700e-04
5.127813201397657394e-04
5.334194866009056568e-04
5.048648454248905182e-04
4.762996977660804987e-04
4.876347375102341175e-04
4.706724139396101236e-04
4.971771268174052238e-04
5.409226287156343460e-04
4.759886360261589289e-04
5.035637877881526947e-04
4.757522256113588810e-04
5.586775951087474823e-04
5.635532434098422527e-04
6.299728993326425552e-04
4.291936929803341627e-04
5.200158921070396900e-04
4.378548474051058292e-04
5.674060084857046604e-04
5.597551935352385044e-04
5.766507820226252079e-04
5.156476981937885284e-04
4.733524692710489035e-04
5.649017402902245522e-04
5.278924363665282726e-04
4.833746352232992649e-04
4.971849848516285419e-04
5.591097869910299778e-04
6.695828633382916451e-04
7.633841014467179775e-04
5.435250932350754738e-04
6.779375835321843624e-04
4.961194354109466076e-04
6.381488055922091007e-04
5.176815902814269066e-04
6.265508709475398064e-04
5.085572483949363232e-04
6.070947856642305851e-04
5.953864892944693565e-04
6.083298940211534500e-04
7.417920860461890697e-04
6.249385769478976727e-04
5.945006269030272961e-04
6.713721668347716331e-04
9.271575836464762688e-04
7.741252775304019451e-04
9.296939242631196976e-04
6.822659051977097988e-04
1.035472843796014786e-03
5.412865430116653442e-04
8.487091981805860996e-04
6.625647656619548798e-04
6.786955054849386215e-04
5.045872530899941921e-04
7.407058728858828545e-04
6.600680062547326088e-04
7.629942847415804863e-04
5.414684419520199299e-04
7.588258595205843449e-04
5.091943312436342239e-04
6.968390662223100662e-04
6.015370017848908901e-04
6.338374805636703968e-04
6.580046028830111027e-04
9.406875469721853733e-04
7.443792419508099556e-04
1.254473812878131866e-03
9.043918107636272907e-04
1.073435880243778229e-03
1.009440748021006584e-03
6.649835268035531044e-04
6.065260968171060085e-04
5.777367041446268559e-04
5.210745148360729218e-04
5.737611791118979454e-04
4.437149036675691605e-04
5.351909203454852104e-04
5.569030181504786015e-04
5.897581577301025391e-04
6.254868931137025356e-04
5.748096155002713203e-04
5.901572876609861851e-04
5.024379352107644081e-04
5.597305134870111942e-04
4.961907397955656052e-04
5.286248051561415195e-04
5.106117459945380688e-04
5.327530670911073685e-04
5.093547515571117401e-04
5.224681808613240719e-04
5.253051640465855598e-04
5.487033631652593613e-04
5.210809758864343166e-04
5.561377620324492455e-04
5.337970796972513199e-04
5.419985391199588776e-04
5.471979384310543537e-04
5.314018344506621361e-04
5.146642215549945831e-04
5.262763588689267635e-04
5.129475030116736889e-04
5.145194008946418762e-04
5.202741594985127449e-04
5.281146732158958912e-04
5.268444074317812920e-04
5.344061064533889294e-04
5.282300990074872971e-04
5.244970670901238918e-04
5.294875008985400200e-04
5.036576185375452042e-04
5.257483571767807007e-04
5.111748469062149525e-04
5.331708234734833241e-04
5.192699609324336052e-04
4.997559008188545704e-04
5.111012724228203297e-04
4.983625840395689011e-04
4.885552334599196911e-04
5.135714891366660595e-04
4.884011577814817429e-04
4.943186650052666664e-04
5.033529014326632023e-04
4.978704964742064476e-04
5.414114566519856453e-04
5.084478762000799179e-04
5.401010275818407536e-04
4.950689617544412613e-04
5.075291846878826618e-04
5.129439523443579674e-04
5.534979281947016716e-04
5.315059097483754158e-04
5.582161829806864262e-04
5.219514714553952217e-04
5.312653956934809685e-04
4.938732599839568138e-04
4.992381436750292778e-04
5.058097885921597481e-04
5.061228293925523758e-04
5.145831382833421230e-04
5.080747650936245918e-04
5.173476529307663441e-04
5.075371591374278069e-04
5.053661880083382130e-04
5.004621343687176704e-04
5.055600195191800594e-04
5.083279102109372616e-04
5.146059556864202023e-04
5.073205102235078812e-04
5.134004750289022923e-04
5.056157824583351612e-04
5.074260407127439976e-04
5.113700171932578087e-04
5.198684521019458771e-04
5.187405040487647057e-04
5.404695402830839157e-04
5.205274792388081551e-04
5.116346874274313450e-04
5.080245318822562695e-04
5.192088428884744644e-04
5.232365219853818417e-04
5.205674679018557072e-04
5.328864208422601223e-04
5.313137080520391464e-04
5.175646510906517506e-04
5.081896088086068630e-04
5.110773490741848946e-04
5.249471287243068218e-04
5.288371467031538486e-04
5.387585260905325413e-04
5.349092534743249416e-04
5.351887084543704987e-04
5.057497182860970497e-04
5.213362164795398712e-04
5.269702523946762085e-04
5.154259852133691311e-04
5.461715045385062695e-04
5.090358899906277657e-04
5.280529730953276157e-04
5.007032887078821659e-04
5.251223919913172722e-04
4.967658896930515766e-04
5.045236321166157722e-04
4.758660215884447098e-04
4.998837830498814583e-04
4.917899495922029018e-04
5.097850807942450047e-04
5.132232327014207840e-04
4.953130846843123436e-04
4.912633448839187622e-04
5.126672913320362568e-04
4.869894473813474178e-04
5.338105838745832443e-04
4.669080954045057297e-04
5.184013280086219311e-04
4.863305657636374235e-04
5.074027576483786106e-04
4.915627068839967251e-04
4.873581056017428637e-04
5.003884434700012207e-04
5.094638327136635780e-04
4.958145436830818653e-04
5.058979149907827377e-04
5.038917879574000835e-04
5.178562132641673088e-04
4.992481553927063942e-04
5.220655584707856178e-04
5.104658775962889194e-04
5.136774270795285702e-04
4.978153738193213940e-04
5.079190013930201530e-04
4.932907177135348320e-04
5.015482893213629723e-04
4.916585749015212059e-04
4.931767471134662628e-04
4.833858401980251074e-04
4.973830073140561581e-04
4.953388706780970097e-04
5.022191326133906841e-04
5.064137512817978859e-04
5.032672779634594917e-04
5.137501284480094910e-04
5.105655873194336891e-04
5.066438461653888226e-04
5.065150908194482327e-04
4.945961991325020790e-04
4.985753912478685379e-04
4.914458841085433960e-04
4.913076409138739109e-04
4.957790952175855637e-04
4.913239972665905952e-04
4.992895992472767830e-04
4.888258408755064011e-04
4.828481760341674089e-04
4.795502754859626293e-04
4.713964590337127447e-04
4.776935966219753027e-04
4.904785891994833946e-04
4.698690609075129032e-04
4.685382300522178411e-04
4.862024798057973385e-04
4.867404932156205177e-04
4.836520238313823938e-04
4.753892135340720415e-04
4.910280695185065269e-04
4.762675671372562647e-04
4.834402934648096561e-04
4.764697223436087370e-04
5.036183865740895271e-04
4.983255639672279358e-04
4.975429619662463665e-04
4.782282921951264143e-04
4.906484391540288925e-04
4.787578363902866840e-04
4.920696956105530262e-04
4.715731483884155750e-04
4.775914130732417107e-04
4.726101760752499104e-04
4.757448041345924139e-04
4.968491848558187485e-04
4.973814939148724079e-04
4.894469748251140118e-04
4.926852416247129440e-04
5.017681396566331387e-04
5.086438031867146492e-04
5.014681373722851276e-04
5.048773600719869137e-04
4.963447572663426399e-04
4.985024570487439632e-04
4.946517292410135269e-04
4.920430947095155716e-04
5.042674019932746887e-04
4.948854329995810986e-04
4.989276058040559292e-04
4.982812679372727871e-04
4.998176591470837593e-04
5.007676663808524609e-04
5.091528291814029217e-04
5.012225592508912086e-04
5.003228434361517429e-04
4.870822303928434849e-04
4.966294509358704090e-04
4.944294341839849949e-04
5.095283268019556999e-04
4.930222057737410069e-04
5.039994721300899982e-04
4.918701015412807465e-04
4.996047937311232090e-04
5.034451605752110481e-04
5.034522619098424911e-04
5.068419850431382656e-04
4.992079338990151882e-04
5.055437795817852020e-04
5.025735008530318737e-04
4.945081891492009163e-04
4.998564254492521286e-04
5.015931092202663422e-04
5.019234376959502697e-04
4.900844651274383068e-04
5.006524734199047089e-04
4.969074507243931293e-04
5.120567511767148972e-04
5.101946881040930748e-04
5.050069885328412056e-04
4.920999053865671158e-04
5.023743724450469017e-04
5.000721430405974388e-04
4.944585962221026421e-04
4.936560872010886669e-04
5.116908578202128410e-04
5.127829499542713165e-04
5.123384762555360794e-04
5.120273563079535961e-04
4.968948778696358204e-04
4.961649538017809391e-04
4.890539566986262798e-04
4.945144173689186573e-04
4.877838655374944210e-04
4.925841931253671646e-04
4.846672818530350924e-04
4.879215266555547714e-04
4.855436563957482576e-04
4.879601474385708570e-04
4.941882798448204994e-04
4.939457867294549942e-04
4.988277796655893326e-04
5.050822510384023190e-04
4.932082956656813622e-04
4.888135590590536594e-04
4.882948705926537514e-04
4.894983139820396900e-04
4.855189472436904907e-04
4.874820879194885492e-04
4.887509858235716820e-04
4.931771545670926571e-04
4.867831594310700893e-04
4.880629421677440405e-04
4.867275129072368145e-04
4.919908242300152779e-04
4.863750655204057693e-04
4.921343643218278885e-04
5.075126537121832371e-04
4.965674015693366528e-04
5.305681261233985424e-04
5.170943331904709339e-04
5.157717969268560410e-04
4.972478491254150867e-04
4.948543501086533070e-04
4.831809492316097021e-04
5.143400630913674831e-04
4.925238317809998989e-04
4.993890179321169853e-04
4.866389208473265171e-04
4.943102831020951271e-04
5.164819303900003433e-04
5.174282705411314964e-04
5.076391389593482018e-04
5.093025392852723598e-04
4.924032255075871944e-04
4.916110774502158165e-04
4.879465559497475624e-04
5.011303001083433628e-04
4.899679915979504585e-04
4.909686977043747902e-04
4.962424281984567642e-04
5.017541116103529930e-04
4.975593183189630508e-04
4.959154757671058178e-04
4.889773554168641567e-04
4.949471331201493740e-04
4.811080289073288441e-04
4.930404829792678356e-04
4.932421725243330002e-04
4.971908638253808022e-04
4.922826192341744900e-04
4.819885652977973223e-04
4.926498513668775558e-04
4.881242348346859217e-04
4.858119064010679722e-04
4.995247581973671913e-04
5.277505260892212391e-04
5.120832938700914383e-04
5.210452945902943611e-04
5.210236413404345512e-04
4.896671744063496590e-04
4.947546403855085373e-04
4.792600811924785376e-04
4.838267050217837095e-04
4.927208065055310726e-04
4.798267036676406860e-04
4.779869050253182650e-04
4.780124290846288204e-04
4.899557679891586304e-04
4.992904141545295715e-04
5.083976429887115955e-04
5.032125627622008324e-04
5.004662671126425266e-04
4.548131255432963371e-04
4.848414682783186436e-04
4.565570852719247341e-04
4.836929729208350182e-04
4.880029009655117989e-04
4.892185097560286522e-04
4.814089043065905571e-04
4.976994823664426804e-04
5.175386322662234306e-04
5.041658296249806881e-04
5.099687259644269943e-04
5.144709139131009579e-04
5.133857484906911850e-04
4.915176541544497013e-04
5.005268612876534462e-04
4.784326301887631416e-04
4.618123639374971390e-04
4.714852548204362392e-04
4.731990047730505466e-04
4.984982660971581936e-04
4.745484620798379183e-04
4.993340699002146721e-04
4.868200339842587709e-04
4.821156326215714216e-04
4.974512266926467419e-04
4.933150485157966614e-04
5.110205966047942638e-04
4.999074735678732395e-04
5.172289675101637840e-04
4.984555998817086220e-04
4.984101396985352039e-04
4.935618489980697632e-04
4.797461151611059904e-04
4.796591238118708134e-04
4.747773346025496721e-04
4.779844311997294426e-04
4.952916642650961876e-04
4.956373013556003571e-04
4.956857883371412754e-04
4.955895710736513138e-04
5.092606297694146633e-04
5.007459549233317375e-04
5.117753171361982822e-04
4.849842516705393791e-04
4.870255361311137676e-04
4.853555874433368444e-04
4.828332748729735613e-04
5.006662686355412006e-04
4.893974401056766510e-04
5.048048915341496468e-04
5.073634092696011066e-04
4.992549656890332699e-04
4.810453974641859531e-04
4.724987666122615337e-04
4.850771510973572731e-04
4.930346040055155754e-04
4.887303803116083145e-04
4.943175008520483971e-04
4.844146315008401871e-04
4.882203938905149698e-04
4.816784348804503679e-04
4.739949945360422134e-04
4.825040523428469896e-04
4.665355081669986248e-04
5.173268145881593227e-04
5.111362552270293236e-04
5.290057742968201637e-04
5.059787072241306305e-04
5.016727373003959656e-04
5.034376517869532108e-04
5.248119123280048370e-04
4.804407653864473104e-04
4.954436444677412510e-04
4.804930067621171474e-04
5.139167769812047482e-04
4.759634030051529408e-04
4.859510809183120728e-04
4.799341259058564901e-04
4.968214198015630245e-04
5.255522555671632290e-04
5.055106012150645256e-04
4.916318575851619244e-04
4.979202640242874622e-04
4.850490076933056116e-04
5.023374687880277634e-04
5.181914311833679676e-04
5.295737064443528652e-04
5.041305557824671268e-04
5.027112201787531376e-04
4.600176762323826551e-04
4.829445679206401110e-04
4.618269740603864193e-04
4.885917296633124352e-04
5.093201179988682270e-04
4.993706825189292431e-04
5.209832452237606049e-04
4.861539055127650499e-04
4.940847284160554409e-04
5.084296572022140026e-04
4.912868025712668896e-04
5.242697079665958881e-04
5.086309975013136864e-04
4.801678878720849752e-04
4.944414831697940826e-04
4.894940648227930069e-04
4.912326112389564514e-04
4.732237430289387703e-04
4.898611805401742458e-04
4.796543216798454523e-04
4.951941082254052162e-04
4.777681606356054544e-04
4.989801091141998768e-04
5.405551637522876263e-04
5.238645244389772415e-04
5.013950867578387260e-04
4.815001739189028740e-04
4.886983660981059074e-04
4.650189657695591450e-04
5.029344465583562851e-04
5.205905181355774403e-04
6.864019669592380524e-04
5.481100524775683880e-04
7.327360799536108971e-04
5.302645731717348099e-04
5.560289137065410614e-04
6.179953925311565399e-04
6.857276894152164459e-04
6.172078428789973259e-04
5.080076516605913639e-04
5.612023524008691311e-04
4.942818195559084415e-04
4.964247345924377441e-04
4.666431923396885395e-04
4.736763366963714361e-04
5.154071841388940811e-04
5.132117075845599174e-04
5.962077411822974682e-04
5.722026689909398556e-04
6.633840966969728470e-04
6.051897071301937103e-04
6.445306935347616673e-04
5.978482658974826336e-04
5.591625813394784927e-04
5.871177418157458305e-04
4.286729090381413698e-04
4.050888237543404102e-04
4.036547325085848570e-04
4.335574631113559008e-04
4.722653538919985294e-04
5.141895380802452564e-04
4.904621164314448833e-04
5.441296962089836597e-04
5.054948269389569759e-04
5.646364297717809677e-04
5.017116200178861618e-04
5.299901240505278111e-04
5.784881068393588066e-04
5.163413588888943195e-04
5.417949287220835686e-04
4.866952076554298401e-04
5.375967011786997318e-04
4.932728479616343975e-04
5.008402513340115547e-04
4.986386629752814770e-04
4.653591895475983620e-04
5.011318717151880264e-04
4.849927208852022886e-04
5.191974923945963383e-04
5.002966499887406826e-04
4.898189217783510685e-04
4.891917342320084572e-04
4.536483611445873976e-04
4.576103528961539268e-04
4.390870453789830208e-04
4.609632596839219332e-04
4.787707584910094738e-04
4.834191058762371540e-04
5.315038142725825310e-04
4.964813124388456345e-04
5.057477974332869053e-04
4.874768492300063372e-04
4.874473088420927525e-04
5.073857028037309647e-04
4.626367008313536644e-04
4.951345035806298256e-04
4.690341884270310402e-04
4.938563215546309948e-04
4.711204965133219957e-04
4.891857970505952835e-04
4.636688972823321819e-04
4.793197440449148417e-04
4.661829152610152960e-04
4.778148722834885120e-04
4.650850023608654737e-04
4.678353434428572655e-04
4.688493791036307812e-04
4.727082850877195597e-04
4.737746494356542826e-04
4.669273039326071739e-04
4.669314948841929436e-04
4.720422148238867521e-04
4.684411978814750910e-04
4.794166889041662216e-04
4.816593136638402939e-04
4.804938798770308495e-04
4.813219129573553801e-04
4.787647922057658434e-04
4.723666352219879627e-04
4.757771093863993883e-04
4.830929683521389961e-04
4.818707820959389210e-04
4.819076566491276026e-04
4.764418408740311861e-04
4.748899664264172316e-04
4.591021570377051830e-04
4.722774028778076172e-04
4.587658913806080818e-04
4.658870748244225979e-04
4.621722328010946512e-04
4.672360955737531185e-04
4.589542222674936056e-04
4.767363425344228745e-04
4.690675123129040003e-04
4.936439800076186657e-04
4.850492405239492655e-04
4.918357008136808872e-04
4.834067076444625854e-04
4.786326608154922724e-04
4.913394805043935776e-04
4.930890863761305809e-04
4.797546425834298134e-04
4.742194141726940870e-04
4.789754457306116819e-04
4.850637633353471756e-04
4.867860989179462194e-04
4.934032913297414780e-04
4.813840787392109632e-04
4.758541181217879057e-04
4.677234392147511244e-04
4.756315320264548063e-04
4.768117796629667282e-04
4.692018264904618263e-04
4.822778282687067986e-04
4.725391918327659369e-04
4.735385009553283453e-04
4.645825538318604231e-04
4.712592053692787886e-04
4.816910077352076769e-04
4.879308689851313829e-04
4.850514233112335205e-04
4.760556912515312433e-04
4.864936345256865025e-04
4.914987948723137379e-04
4.863441863562911749e-04
4.895848687738180161e-04
4.656390519812703133e-04
4.740913282148540020e-04
4.642234125640243292e-04
4.875740851275622845e-04
4.800004826392978430e-04
4.875820304732769728e-04
4.874255973845720291e-04
4.858000902459025383e-04
4.871585697401314974e-04
4.758476861752569675e-04
4.753007378894835711e-04
4.719654389191418886e-04
4.954729229211807251e-04
4.791361570823937654e-04
4.908179398626089096e-04
4.773248801939189434e-04
4.950676229782402515e-04
4.828177043236792088e-04
4.835822328459471464e-04
4.788338264916092157e-04
4.707726184278726578e-04
4.748347273562103510e-04
4.736725823022425175e-04
4.877176834270358086e-04
4.931074799969792366e-04
4.780473827850073576e-04
4.832841805182397366e-04
4.749760555569082499e-04
4.835250438190996647e-04
4.778943839482963085e-04
4.810099198948591948e-04
4.775644629262387753e-04
4.732634697575122118e-04
4.715554241556674242e-04
4.759218427352607250e-04
4.783929907716810703e-04
4.838078748434782028e-04
4.782906908076256514e-04
4.797049914486706257e-04
4.820937465410679579e-04
4.852521524298936129e-04
4.844160866923630238e-04
4.783921467605978251e-04
4.769697261508554220e-04
4.695526440627872944e-04
4.738089046441018581e-04
4.826976219192147255e-04
4.712376103270798922e-04
4.791396204382181168e-04
4.726435290649533272e-04
4.780247982125729322e-04
4.802595358341932297e-04
4.772459215018898249e-04
4.959038924425840378e-04
4.703933955170214176e-04
4.902289947494864464e-04
4.666363238357007504e-04
4.935213364660739899e-04
4.903856315650045872e-04
5.030704778619110584e-04
4.987698630429804325e-04
4.605533904395997524e-04
4.862850182689726353e-04
4.568965232465416193e-04
4.980464582331478596e-04
4.819300665985792875e-04
4.813077684957534075e-04
4.863822832703590393e-04
4.726262122858315706e-04
4.737123090308159590e-04
4.818605084437876940e-04
4.887063405476510525e-04
5.067482707090675831e-04
5.007116124033927917e-04
4.822109476663172245e-04
4.808837838936597109e-04
4.830398538615554571e-04
4.917211481370031834e-04
4.876610473729670048e-04
4.784245102200657129e-04
4.734161775559186935e-04
4.619195533450692892e-04
4.717494011856615543e-04
4.934153985232114792e-04
4.947638954035937786e-04
5.076863453723490238e-04
4.932091105729341507e-04
4.854988656006753445e-04
4.822643531952053308e-04
4.605757421813905239e-04
4.912135773338377476e-04
4.571531608235090971e-04
5.318560288287699223e-04
5.504953442141413689e-04
5.398138891905546188e-04
4.720863944385200739e-04
4.678400000557303429e-04
4.599656385835260153e-04
4.953801981173455715e-04
4.731385270133614540e-04
4.728094208985567093e-04
5.148365744389593601e-04
4.958104691468179226e-04
5.014933412894606590e-04
4.650724295061081648e-04
4.960871883668005466e-04
4.885213566012680531e-04
4.935419419780373573e-04
4.429897526279091835e-04
4.813103587366640568e-04
4.703846643678843975e-04
4.743834724649786949e-04
4.716255352832376957e-04
4.602221888490021229e-04
4.900739877484738827e-04
4.322867898736149073e-04
4.724294703919440508e-04
4.569556913338601589e-04
4.690701607614755630e-04
4.852861457038670778e-04
4.675323143601417542e-04
5.119569250382483006e-04
4.680152342189103365e-04
5.073061329312622547e-04
4.530303122010082006e-04
5.030354950577020645e-04
5.108829936943948269e-04
5.071466439403593540e-04
4.865184891968965530e-04
4.781997413374483585e-04
4.838832246605306864e-04
4.565095005091279745e-04
4.941768711432814598e-04
4.666840832214802504e-04
4.809574456885457039e-04
4.905806272290647030e-04
4.837962624151259661e-04
5.026489379815757275e-04
4.712133959401398897e-04
4.908174159936606884e-04
4.756245762109756470e-04
4.953185562044382095e-04
4.899679915979504585e-04
5.113115767017006874e-04
4.947589477524161339e-04
4.848542157560586929e-04
4.788311198353767395e-04
4.691115173045545816e-04
4.712020454462617636e-04
4.726475453935563564e-04
4.848338430747389793e-04
4.863312642555683851e-04
4.885360831394791603e-04
4.828861565329134464e-04
4.830581310670822859e-04
4.700422578025609255e-04
4.733446694444864988e-04
4.903180524706840515e-04
4.907846450805664062e-04
4.918805789202451706e-04
4.780339659191668034e-04
4.828424425795674324e-04
4.718778072856366634e-04
4.879228072240948677e-04
4.970899899490177631e-04
4.875283048022538424e-04
4.755045520141720772e-04
4.721111035905778408e-04
4.861683410126715899e-04
4.848891694564372301e-04
4.757725400850176811e-04
4.783568438142538071e-04
4.776351270265877247e-04
4.884525551460683346e-04
4.777414433192461729e-04
4.818876332137733698e-04
4.806662618648260832e-04
4.707932821474969387e-04
4.789698868989944458e-04
4.821245383936911821e-04
4.782454343512654305e-04
4.691910580731928349e-04
4.730164655484259129e-04
4.816651344299316406e-04
4.831679107155650854e-04
4.889149568043649197e-04
4.788316728081554174e-04
4.841331392526626587e-04
4.781078023370355368e-04
4.818796587642282248e-04
4.785700293723493814e-04
4.850368422921746969e-04
4.869807453360408545e-04
4.947413108311593533e-04
4.833535349462181330e-04
4.849847173318266869e-04
4.648995818570256233e-04
4.657891695387661457e-04
4.740924923680722713e-04
4.780628951266407967e-04
4.907946567982435226e-04
4.793780099134892225e-04
4.798828449565917253e-04
4.673212533816695213e-04
4.750654334202408791e-04
5.165074253454804420e-04
4.960488877259194851e-04
4.790028324350714684e-04
4.561868845485150814e-04
4.956113989464938641e-04
4.666481981985270977e-04
4.875228914897888899e-04
4.785069904755800962e-04
4.938245401717722416e-04
4.922530497424304485e-04
4.744306497741490602e-04
4.712667141575366259e-04
4.746385384351015091e-04
4.956273478455841541e-04
4.924846580252051353e-04
4.965968546457588673e-04
4.750813532155007124e-04
4.845715011470019817e-04
4.606933507602661848e-04
4.611600015778094530e-04
4.694813978858292103e-04
4.653775831684470177e-04
4.701524740085005760e-04
4.744029138237237930e-04
4.951422451995313168e-04
4.986030398868024349e-04
4.805845092050731182e-04
4.531421873252838850e-04
4.782767209690064192e-04
5.161182489246129990e-04
5.083038704469799995e-04
5.007163854315876961e-04
4.687224281951785088e-04
4.712421505246311426e-04
4.796553403139114380e-04
5.396496271714568138e-04
4.993687034584581852e-04
4.886431852355599403e-04
4.574354388751089573e-04
4.648058093152940273e-04
4.835645086131989956e-04
4.715387476608157158e-04
4.658583784475922585e-04
4.573033365886658430e-04
4.862209607381373644e-04
4.712886875495314598e-04
4.937313497066497803e-04
4.811065155081450939e-04
5.047176382504403591e-04
4.679179110098630190e-04
4.826754156965762377e-04
4.898285842500627041e-04
4.843132046516984701e-04
4.889909178018569946e-04
4.799127345904707909e-04
5.036176880821585655e-04
4.815398133359849453e-04
4.912007134407758713e-04
4.892701981589198112e-04
4.884589579887688160e-04
5.235082353465259075e-04
4.893682780675590038e-04
5.118930130265653133e-04
4.809864622075110674e-04
4.844666109420359135e-04
4.943696549162268639e-04
4.757721617352217436e-04
5.016319337300956249e-04
4.938989295624196529e-04
4.916432080790400505e-04
4.796424182131886482e-04
4.709207569248974323e-04
4.756984708365052938e-04
4.681714344769716263e-04
4.608926246874034405e-04
4.885409143753349781e-04
4.855592851527035236e-04
5.143707967363297939e-04
5.059604300186038017e-04
4.873050202149897814e-04
4.562296962831169367e-04
4.586564900819212198e-04
4.625171713996678591e-04
4.840092442464083433e-04
5.079332040622830391e-04
4.788380756508558989e-04
4.753509711008518934e-04
4.556064086500555277e-04
4.665236920118331909e-04
5.186225171200931072e-04
5.356553592719137669e-04
5.062609561719000340e-04
4.778555012308061123e-04
5.205892375670373440e-04
4.875182639807462692e-04
4.606318543665111065e-04
4.630748881027102470e-04
4.671492788475006819e-04
4.769713268615305424e-04
5.310898995958268642e-04
5.199864390306174755e-04
4.956160555593669415e-04
4.667974717449396849e-04
4.663113795686513186e-04
4.801217000931501389e-04
4.879878833889961243e-04
5.102081340737640858e-04
5.293595022521913052e-04
5.128099001012742519e-04
4.497057525441050529e-04
5.107996403239667416e-04
4.849213582929223776e-04
5.216238787397742271e-04
4.987866850569844246e-04
4.934688913635909557e-04
5.330813582986593246e-04
5.073120701126754284e-04
4.923024680465459824e-04
5.102482391521334648e-04
5.048315506428480148e-04
4.477256734389811754e-04
4.864954098593443632e-04
4.928439739160239697e-04
4.903765511699020863e-04
4.643569118343293667e-04
4.881819477304816246e-04
4.965522675774991512e-04
4.985054838471114635e-04
4.851740377489477396e-04
4.643498687073588371e-04
4.655736847780644894e-04
4.781802999787032604e-04
4.869145923294126987e-04
5.138162523508071899e-04
4.858308820985257626e-04
5.131539073772728443e-04
4.633625212591141462e-04
5.004695849493145943e-04
4.600562970153987408e-04
4.595979698933660984e-04
4.660985723603516817e-04
4.603280976880341768e-04
5.327182007022202015e-04
4.849183023907244205e-04
4.989246954210102558e-04
4.971980233676731586e-04
5.002789548598229885e-04
4.728460335172712803e-04
4.497742047533392906e-04
4.689793277066200972e-04
4.701804136857390404e-04
4.988446016795933247e-04
4.665067244786769152e-04
4.858677566517144442e-04
4.688162880484014750e-04
4.726235056295990944e-04
4.747687489725649357e-04
4.689766210503876209e-04
4.930957802571356297e-04
4.760875308420509100e-04
4.837899177800863981e-04
4.628140304703265429e-04
4.679581907112151384e-04
4.665517481043934822e-04
4.655827360693365335e-04
4.709189524874091148e-04
4.784265474881976843e-04
4.722315352410078049e-04
4.757636343128979206e-04
4.839636094402521849e-04
4.882121575064957142e-04
4.759037983603775501e-04
4.855542501900345087e-04
4.710460198111832142e-04
4.824965726584196091e-04
4.594800702761858702e-04
4.721108125522732735e-04
4.662187420763075352e-04
4.761062446050345898e-04
4.789741651620715857e-04
4.773595428559929132e-04
4.663792205974459648e-04
4.686038300860673189e-04
4.816061991732567549e-04
4.651804920285940170e-04
4.726967890746891499e-04
4.745680198539048433e-04
4.743196768686175346e-04
4.504766257014125586e-04
4.613277560565620661e-04
4.683121514972299337e-04
4.877367755398154259e-04
5.076072411611676216e-04
5.014720954932272434e-04
4.823115596082061529e-04
4.716723342426121235e-04
4.876068560406565666e-04
5.174751859158277512e-04
4.552983737085014582e-04
4.624995635822415352e-04
4.536462074611335993e-04
4.928405396640300751e-04
5.051584448665380478e-04
4.536159976851195097e-04
5.208278307691216469e-04
4.731371882371604443e-04
5.115431849844753742e-04
4.791561223100870848e-04
4.806771758012473583e-04
4.894899320788681507e-04
4.886748502030968666e-04
4.922121879644691944e-04
4.518559435382485390e-04
4.814247367903590202e-04
4.646361921913921833e-04
4.930936265736818314e-04
4.970608861185610294e-04
4.800839815288782120e-04
4.600109532475471497e-04
4.681275167968124151e-04
4.607092414516955614e-04
5.797219928354024887e-04
5.149057251401245594e-04
5.604083416983485222e-04
4.482608055695891380e-04
5.273636197671294212e-04
4.740959557238966227e-04
4.911210271529853344e-04
5.614403053186833858e-04
5.198703729547560215e-04
5.725587252527475357e-04
4.977165372110903263e-04
4.789962549693882465e-04
5.003998521715402603e-04
4.719529824797064066e-04
4.932431620545685291e-04
5.195008707232773304e-04
4.979323130100965500e-04
5.049296887591481209e-04
5.049536121077835560e-04
4.932886222377419472e-04
5.032201879657804966e-04
4.616894002538174391e-04
4.922948428429663181e-04
4.763044998981058598e-04
5.136356339789927006e-04
4.884884110651910305e-04
4.975810879841446877e-04
4.827963712159544230e-04
4.909532144665718079e-04
4.987975116819143295e-04
4.767583741340786219e-04
4.788467776961624622e-04
4.671999195124953985e-04
5.011897301301360130e-04
4.938616184517741203e-04
4.746656049974262714e-04
4.645144508685916662e-04
4.679190169554203749e-04
4.836865118704736233e-04
4.774150147568434477e-04
4.897802718915045261e-04
4.854480794165283442e-04
4.841117479372769594e-04
4.819285240955650806e-04
4.735631810035556555e-04
4.961334052495658398e-04
4.813564301002770662e-04
4.919479833915829659e-04
4.601643595378845930e-04
4.751487576868385077e-04
4.787596990354359150e-04
4.870785051025450230e-04
4.669713671319186687e-04
4.710847861133515835e-04
4.686180618591606617e-04
4.747277125716209412e-04
4.628304159268736839e-04
4.820975882466882467e-04
4.857622843701392412e-04
4.979320219717919827e-04
4.740826552733778954e-04
4.976742202416062355e-04
4.962976090610027313e-04
4.749705549329519272e-04
4.778719448950141668e-04
4.799652961082756519e-04
4.892999422736465931e-04
4.689953057095408440e-04
4.748277133330702782e-04
4.672021022997796535e-04
4.795732093043625355e-04
4.759806324727833271e-04
4.785661294590681791e-04
4.803822084795683622e-04
4.786400240845978260e-04
4.871517885476350784e-04
4.795680288225412369e-04
4.772449610754847527e-04
4.742002347484230995e-04
4.663277359213680029e-04
4.596181097440421581e-04
4.618527018465101719e-04
4.631762858480215073e-04
4.737277049571275711e-04
4.826246004085987806e-04
4.956441698595881462e-04
4.931650473736226559e-04
4.977941862307488918e-04
4.894388257525861263e-04
4.878493782598525286e-04
4.786772478837519884e-04
4.753185203298926353e-04
4.701878642663359642e-04
4.792739055119454861e-04
4.698257253039628267e-04
4.773216205649077892e-04
4.749870277009904385e-04
4.800502210855484009e-04
4.801622708328068256e-04
4.696860269177705050e-04
4.707594634965062141e-04
4.706839681603014469e-04
4.806953656952828169e-04
4.823507042601704597e-04
4.826115327887237072e-04
4.787743673659861088e-04
4.691416688729077578e-04
4.752907261718064547e-04
4.749837971758097410e-04
4.810338723473250866e-04
4.791843239217996597e-04
4.804904747288674116e-04
4.874220467172563076e-04
4.896847531199455261e-04
4.912567674182355404e-04
4.934032913297414780e-04
4.879980988334864378e-04
4.628896713256835938e-04
4.657844547182321548e-04
4.690226924140006304e-04
4.632587078958749771e-04
4.656385281123220921e-04
4.670877824537456036e-04
4.960031365044414997e-04
5.047916201874613762e-04
4.920624778605997562e-04
4.806056385859847069e-04
4.636919766198843718e-04
4.679812118411064148e-04
4.664002626668661833e-04
4.742131859529763460e-04
4.688495537266135216e-04
4.733838432002812624e-04
4.757342394441366196e-04
4.751167434733361006e-04
4.842426569666713476e-04
4.800068854819983244e-04
4.924897802993655205e-04
4.873170400969684124e-04
4.808097437489777803e-04
4.804948985110968351e-04
4.534455365501344204e-04
4.672346985898911953e-04
4.750653752125799656e-04
4.734985704999417067e-04
4.893548320978879929e-04
4.875495505984872580e-04
4.870725679211318493e-04
4.790630482602864504e-04
4.719750431831926107e-04
4.775286361109465361e-04
4.632589989341795444e-04
4.794236156158149242e-04
4.696635005529969931e-04
4.849199322052299976e-04
4.886729875579476357e-04
4.847150121349841356e-04
4.704632156062871218e-04
4.677930264733731747e-04
4.627233720384538174e-04
4.646898887585848570e-04
4.812801198568195105e-04
4.873824364040046930e-04
5.065303994342684746e-04
4.827020748052746058e-04
4.829172685276716948e-04
4.634899378288537264e-04
4.743501776829361916e-04
4.702178412117063999e-04
4.890030832029879093e-04
4.908980918116867542e-04
4.825185169465839863e-04
4.725104663521051407e-04
4.579601227305829525e-04
4.759604053106158972e-04
4.597663937602192163e-04
4.790734674315899611e-04
4.792599356733262539e-04
4.876502498518675566e-04
4.876948369201272726e-04
4.951251903548836708e-04
4.704282910097390413e-04
4.790868551936000586e-04
4.530619189608842134e-04
4.717549309134483337e-04
4.740127187687903643e-04
4.852983402088284492e-04
4.635725053958594799e-04
4.774205444846302271e-04
4.552276514004915953e-04
4.687660257332026958e-04
4.879988555330783129e-04
4.924703971482813358e-04
4.808980156667530537e-04
4.684294399339705706e-04
4.776226123794913292e-04
4.607299924828112125e-04
4.589815507642924786e-04
4.733375390060245991e-04
4.817889130208641291e-04
4.810514510609209538e-04
4.580749955493956804e-04
4.745026235468685627e-04
4.656731034629046917e-04
4.845885850954800844e-04
4.854167636949568987e-04
4.813910054508596659e-04
4.783071053680032492e-04
4.677073156926780939e-04
4.870889533776789904e-04
4.646562156267464161e-04
4.852362617384642363e-04
4.518623754847794771e-04
4.780268063768744469e-04
4.819252935703843832e-04
4.997459473088383675e-04
4.977925564162433147e-04
4.832009435631334782e-04
4.657428944483399391e-04
4.782721516676247120e-04
4.669025365728884935e-04
4.735532274935394526e-04
4.599891544785350561e-04
4.788816149812191725e-04
4.694152157753705978e-04
4.921766230836510658e-04
4.813994164578616619e-04
4.821279435418546200e-04
4.712798981927335262e-04
4.652585485018789768e-04
4.735432739835232496e-04
4.718440177384763956e-04
4.831244295928627253e-04
4.749593499582260847e-04
4.693785740528255701e-04
4.752388340421020985e-04
4.712646186817437410e-04
4.740416770800948143e-04
4.728359344881027937e-04
4.848875978495925665e-04
4.747908387798815966e-04
4.775178967975080013e-04
4.671949136536568403e-04
4.788355145137757063e-04
4.826774238608777523e-04
4.912279546260833740e-04
4.818951128982007504e-04
4.772604734171181917e-04
4.784159536939114332e-04
4.723056044895201921e-04
4.754648252855986357e-04
4.751394444610923529e-04
4.829592362511903048e-04
4.725837789010256529e-04
4.757149145007133484e-04
4.838178574573248625e-04
4.747447383124381304e-04
4.728692001663148403e-04
4.673649964388459921e-04
4.679173289332538843e-04
4.804174532182514668e-04
4.811273538507521152e-04
4.801821487490087748e-04
4.799340968020260334e-04
4.705481696873903275e-04
4.733453970402479172e-04
4.524333926383405924e-04
4.935614415444433689e-04
4.776763671543449163e-04
4.802115436177700758e-04
4.547694115899503231e-04
4.753494868054986000e-04
4.616945516318082809e-04
4.851194098591804504e-04
4.758143622893840075e-04
4.727164923679083586e-04
4.853174032177776098e-04
4.869148833677172661e-04
4.935191827826201916e-04
4.738843417726457119e-04
4.576788924168795347e-04
4.503816890064626932e-04
4.825752112083137035e-04
4.742526507470756769e-04
5.119499983265995979e-04
4.610421601682901382e-04
4.707364423666149378e-04
4.602597327902913094e-04
4.951269947923719883e-04
5.040093092247843742e-04
4.689635243266820908e-04
4.746882477775216103e-04
4.726325569208711386e-04
4.872160207014530897e-04
4.604331625159829855e-04
4.876524908468127251e-04
4.714773676823824644e-04
4.923283704556524754e-04
4.986971034668385983e-04
5.117570399306714535e-04
4.913362790830433369e-04
4.960341611877083778e-04
4.705396713688969612e-04
4.778508155141025782e-04
4.537708300631493330e-04
4.831547557841986418e-04
4.653845680877566338e-04
4.458653565961867571e-04
4.632225609384477139e-04
4.580359964165836573e-04
5.029838648624718189e-04
4.957023775205016136e-04
5.120963323861360550e-04
5.053922650404274464e-04
5.151411751285195351e-04
4.904587403871119022e-04
4.802294715773314238e-04
4.670893249567598104e-04
4.639595281332731247e-04
4.797099099960178137e-04
4.807609075214713812e-04
4.849036922678351402e-04
4.766843339893966913e-04
4.863104550167918205e-04
4.805021162610501051e-04
4.905744572170078754e-04
4.937144112773239613e-04
4.862511996179819107e-04
4.693850351031869650e-04
4.715097020380198956e-04
4.678065306507050991e-04
4.853296850342303514e-04
4.894210142083466053e-04
4.826059448532760143e-04
4.795274289790540934e-04
4.634647921193391085e-04
4.697997064795345068e-04
4.559730004984885454e-04
5.189027870073914528e-04
4.928993294015526772e-04
4.958935314789414406e-04
4.658784891944378614e-04
4.923153319396078587e-04
4.838548775296658278e-04
4.991630557924509048e-04
4.933357704430818558e-04
4.739415016956627369e-04
4.777765134349465370e-04
4.601049295160919428e-04
4.687238251790404320e-04
4.726174229290336370e-04
4.836590378545224667e-04
4.748638602904975414e-04
4.799949238076806068e-04
4.803765623364597559e-04
4.792116815224289894e-04
4.704186576418578625e-04
4.581837565638124943e-04
4.675739910453557968e-04
4.650122136808931828e-04
4.680843558162450790e-04
4.746243939734995365e-04
4.985992563888430595e-04
4.927571280859410763e-04
4.814831190742552280e-04
4.806617507711052895e-04
4.836402949877083302e-04
4.908491973765194416e-04
4.780506424140185118e-04
4.918455961160361767e-04
4.843251663260161877e-04
4.715901741292327642e-04
4.700958961620926857e-04
4.672109207604080439e-04
4.721739969681948423e-04
4.642369458451867104e-04
4.834383726119995117e-04
4.614790668711066246e-04
4.811866092495620251e-04
4.696155956480652094e-04
4.730530199594795704e-04
4.671034694183617830e-04
4.771604144480079412e-04
4.773093969561159611e-04
4.765526973642408848e-04
4.718481213785707951e-04
4.719815042335540056e-04
4.729299980681389570e-04
4.756714042741805315e-04
4.775827692355960608e-04
4.844037757720798254e-04
4.748162464238703251e-04
4.763744072988629341e-04
4.686920146923512220e-04
4.640475963242352009e-04
4.680783022195100784e-04
4.695374518632888794e-04
4.798778390977531672e-04
4.761954478453844786e-04
4.785310302395373583e-04
4.725518228951841593e-04
4.836413136217743158e-04
4.783525073435157537e-04
4.685529274865984917e-04
4.702105652540922165e-04
4.885445232503116131e-04
5.060536204837262630e-04
4.653173091355711222e-04
4.786706995218992233e-04
4.504309617914259434e-04
4.681626451201736927e-04
4.624256689567118883e-04
4.676708485931158066e-04
4.826428485102951527e-04
4.744278267025947571e-04
4.824853676836937666e-04
4.678266122937202454e-04
4.739830619655549526e-04
4.669680201914161444e-04
4.744072211906313896e-04
4.668176406994462013e-04
4.639675898943096399e-04
4.650800838135182858e-04
4.663902509491890669e-04
4.936504410579800606e-04
4.694022936746478081e-04
4.792109248228371143e-04
4.658250254578888416e-04
4.661153361666947603e-04
4.702793085016310215e-04
4.682320577558130026e-04
4.990570596419274807e-04
4.906007670797407627e-04
5.078398389741778374e-04
4.915099125355482101e-04
4.816428408958017826e-04
4.812116094399243593e-04
4.721089499071240425e-04
4.617676895577460527e-04
4.518360656220465899e-04
4.623436834663152695e-04
4.920494975522160530e-04
4.855153965763747692e-04
4.755097324959933758e-04
4.810893733520060778e-04
4.730334039777517319e-04
4.726334300357848406e-04
4.637284437194466591e-04
4.750351654365658760e-04
4.679620615206658840e-04
4.924609092995524406e-04
4.868549876846373081e-04
4.870027187280356884e-04
4.713051312137395144e-04
4.744972393382340670e-04
4.709089407697319984e-04
4.814884159713983536e-04
4.702761943917721510e-04
4.724149766843765974e-04
4.623590211849659681e-04
4.701663274317979813e-04
4.703152226284146309e-04
4.824828938581049442e-04
4.769905353896319866e-04
4.733301757369190454e-04
4.696945543400943279e-04
4.699742130469530821e-04
4.739871073979884386e-04
4.744021280203014612e-04
4.819213354494422674e-04
4.767558129969984293e-04
4.749851359520107508e-04
4.697460681200027466e-04
4.697481344919651747e-04
4.696212417911738157e-04
4.691058420576155186e-04
4.731729568447917700e-04
4.705928731709718704e-04
4.783536423929035664e-04
4.747342318296432495e-04
4.739822179544717073e-04
4.723465535789728165e-04
4.734573594760149717e-04
4.797699803020805120e-04
4.753218672703951597e-04
4.715432005468755960e-04
4.700366407632827759e-04
4.611493204720318317e-04
4.842210619244724512e-04
4.665162705350667238e-04
4.970165318809449673e-04
4.889220581389963627e-04
4.949526628479361534e-04
4.727279592771083117e-04
4.787798970937728882e-04
4.563361871987581253e-04
4.756146809086203575e-04
4.659518017433583736e-04
4.707614716608077288e-04
4.760940209962427616e-04
4.634911019820719957e-04
4.811318649444729090e-04
4.723614838439971209e-04
4.789003578480333090e-04
4.675400850828737020e-04
4.687681794166564941e-04
4.769193474203348160e-04
4.696718533523380756e-04
4.754261171910911798e-04
4.692810180131345987e-04
4.681560967583209276e-04
4.771424282807856798e-04
4.793818516191095114e-04
4.871307173743844032e-04
4.795552813448011875e-04
4.683260922320187092e-04
4.697843105532228947e-04
4.651551716960966587e-04
4.697251715697348118e-04
4.747107159346342087e-04
4.659674305003136396e-04
4.782891774084419012e-04
4.788464575540274382e-04
4.806771758012473583e-04
4.744611796922981739e-04
4.853370774071663618e-04
4.803586052730679512e-04
4.876689927186816931e-04
4.726675106212496758e-04
4.698046541307121515e-04
4.667111206799745560e-04
4.670945054385811090e-04
4.778171132784336805e-04
4.770049999933689833e-04
4.804605268873274326e-04
4.733827954623848200e-04
4.722456505987793207e-04
4.714268725365400314e-04
4.690583155024796724e-04
4.730322107207030058e-04
4.753654648084193468e-04
4.776528803631663322e-04
4.718589480035007000e-04
4.717856936622411013e-04
4.728527273982763290e-04
4.737947310786694288e-04
4.768865765072405338e-04
4.748112987726926804e-04
4.778617876581847668e-04
4.768664657603949308e-04
4.800396563950926065e-04
4.700448189396411180e-04
4.777170252054929733e-04
4.710712237283587456e-04
4.733519162982702255e-04
4.694324452430009842e-04
4.766307538375258446e-04
4.743535246234387159e-04
4.747870552819222212e-04
4.751961387228220701e-04
4.742116434499621391e-04
4.782693576999008656e-04
4.772710381075739861e-04
4.809197853319346905e-04
4.761640448123216629e-04
4.787815851159393787e-04
4.858302709180861712e-04
4.810940590687096119e-04
4.747556813526898623e-04
4.594934580381959677e-04
4.700643767137080431e-04
4.678995464928448200e-04
4.728137573692947626e-04
4.709142085630446672e-04
4.686116590164601803e-04
4.824189818464219570e-04
4.742287565022706985e-04
4.746362683363258839e-04
4.849656252190470695e-04
4.657661775127053261e-04
4.790448292624205351e-04
4.772449610754847527e-04
4.867855168413370848e-04
4.918704507872462273e-04
4.912792355753481388e-04
4.780957824550569057e-04
4.630708426702767611e-04
4.616353835444897413e-04
4.651825292967259884e-04
4.633895587176084518e-04
4.621706611942499876e-04
4.727625055238604546e-04
4.865158116444945335e-04
4.958337522111833096e-04
4.806016804650425911e-04
4.700237768702208996e-04
4.693305236287415028e-04
4.590658936649560928e-04
4.723846795968711376e-04
4.629570466931909323e-04
4.591031465679407120e-04
4.648838948924094439e-04
4.761684976983815432e-04
4.985316190868616104e-04
4.968181601725518703e-04
4.753417451865971088e-04
4.603772831615060568e-04
4.723501624539494514e-04
4.501726943999528885e-04
4.791448591277003288e-04
4.874007427133619785e-04
4.982847603969275951e-04
4.869394178967922926e-04
4.824976786039769650e-04
4.819388559553772211e-04
4.701455764006823301e-04
4.582004039548337460e-04
4.759464936796575785e-04
4.890761920250952244e-04
4.935550969094038010e-04
4.865425289608538151e-04
4.702675214502960443e-04
4.783322801813483238e-04
4.789285012520849705e-04
4.729279899038374424e-04
4.767304926645010710e-04
4.739628056995570660e-04
4.822011396754533052e-04
4.776086134370416403e-04
4.777505528181791306e-04
4.732503148261457682e-04
4.819245368707925081e-04
4.752223612740635872e-04
4.860698536504060030e-04
4.643342690542340279e-04
4.661866696551442146e-04
4.709064087364822626e-04
4.677015531342476606e-04
4.820600734092295170e-04
4.693675145972520113e-04
4.766854690387845039e-04
4.721406730823218822e-04
4.753285902552306652e-04
4.749247746076434851e-04
4.744426114484667778e-04
4.761014715768396854e-04
4.721521981991827488e-04
4.768395447172224522e-04
4.693663504440337420e-04
4.783546901308000088e-04
4.749854851979762316e-04
4.782719479408115149e-04
4.761204763781279325e-04
4.722319717984646559e-04
4.701692378148436546e-04
4.688510380219668150e-04
4.797947476617991924e-04
4.709955246653407812e-04
4.832337435800582170e-04
4.822089103981852531e-04
4.805785429198294878e-04
4.706495674327015877e-04
4.690767382271587849e-04
4.704144957941025496e-04
4.777924332302063704e-04
4.848052922170609236e-04
4.774660919792950153e-04
4.694321251008659601e-04
4.718759737443178892e-04
4.686781612690538168e-04
4.788743099197745323e-04
4.765362245962023735e-04
4.804282798431813717e-04
4.732044471893459558e-04
4.796739958692342043e-04
4.776336718350648880e-04
4.772950196638703346e-04
4.853756981901824474e-04
4.840167530346661806e-04
4.891543067060410976e-04
4.791088576894253492e-04
4.739420546684414148e-04
4.790012608282268047e-04
4.713227681349962950e-04
4.757517890539020300e-04
4.761445743497461081e-04
4.764553741551935673e-04
4.801287723239511251e-04
4.753701214212924242e-04
4.801485338248312473e-04
4.773629189003258944e-04
4.840932670049369335e-04
4.851819248870015144e-04
4.790806560777127743e-04
4.733837267849594355e-04
4.675169766414910555e-04
4.640602273866534233e-04
4.704046004917472601e-04
4.782979958690702915e-04
4.837623855564743280e-04
4.797176225110888481e-04
4.842294729314744473e-04
4.713062080554664135e-04
4.696296236943453550e-04
4.667569592129439116e-04
4.653581127058714628e-04
4.698183038271963596e-04
4.693905357271432877e-04
4.797379660885781050e-04
4.792468389496207237e-04
4.774720582645386457e-04
4.716096154879778624e-04
4.722356679849326611e-04
4.749298386741429567e-04
4.743547760881483555e-04
4.719523421954363585e-04
4.736231931019574404e-04
4.775087290909141302e-04
4.699493583757430315e-04
4.734733083751052618e-04
4.714043752755969763e-04
4.743354220408946276e-04
4.718660202343016863e-04
4.729202773887664080e-04
4.721327568404376507e-04
4.761447780765593052e-04
4.823679337278008461e-04
4.823821946047246456e-04
4.771460953634232283e-04
4.761200980283319950e-04
4.688442568294703960e-04
4.748590872623026371e-04
4.702362639363855124e-04
4.688959452323615551e-04
4.702908627223223448e-04
4.756385751534253359e-04
4.839071480091661215e-04
4.790607199538499117e-04
4.831292899325489998e-04
4.721759760286659002e-04
4.839716420974582434e-04
4.745383048430085182e-04
4.816700238734483719e-04
4.683475126512348652e-04
4.760043229907751083e-04
4.659927217289805412e-04
4.616787773557007313e-04
4.904359811916947365e-04
4.918226040899753571e-04
5.033416091464459896e-04
4.784148768521845341e-04
4.923432134091854095e-04
4.711070505436509848e-04
4.881575587205588818e-04
4.867500392720103264e-04
4.761428281199187040e-04
4.883978399448096752e-04
4.745714832097291946e-04
4.850712721236050129e-04
4.605552821885794401e-04
4.765492049045860767e-04
4.596004728227853775e-04
4.710578068625181913e-04
4.629134491551667452e-04
4.626173758879303932e-04
4.682677099481225014e-04
4.687082546297460794e-04
4.787718062289059162e-04
4.663542204070836306e-04
4.747296625282615423e-04
4.763009492307901382e-04
4.738193238154053688e-04
4.851798294112086296e-04
4.685427993535995483e-04
4.925897810608148575e-04
4.882017092313617468e-04
4.852546553593128920e-04
4.808239173144102097e-04
4.760722513310611248e-04
4.728919593617320061e-04
4.742095188703387976e-04
4.706674080807715654e-04
4.596736980602145195e-04
4.669761983677744865e-04
4.656734236050397158e-04
4.654522927012294531e-04
5.086958990432322025e-04
4.989397129975259304e-04
5.257082520984113216e-04
5.137271946296095848e-04
4.953657626174390316e-04
4.899676423519849777e-04
4.717058909591287374e-04
4.870708216913044453e-04
4.746016929857432842e-04
4.759759176522493362e-04
4.576949577312916517e-04
4.548178694676607847e-04
4.665676970034837723e-04
4.704908351413905621e-04
4.731461522169411182e-04
4.619627143256366253e-04
4.850286350119858980e-04
4.764901241287589073e-04
4.775817214976996183e-04
4.695053794421255589e-04
4.750622611027210951e-04
4.866616509389132261e-04
4.900512867607176304e-04
4.906409303657710552e-04
4.822712216991931200e-04
4.794024280272424221e-04
4.833359271287918091e-04
4.725602047983556986e-04
4.718629643321037292e-04
4.790143866557627916e-04
4.860271583311259747e-04
4.848372482229024172e-04
4.802979528903961182e-04
4.788124351762235165e-04
4.763223987538367510e-04
4.843057831749320030e-04
4.752705863211303949e-04
4.808748199138790369e-04
4.799888120032846928e-04
4.824342322535812855e-04
4.734158574137836695e-04
4.735609400086104870e-04
4.768799699377268553e-04
4.763925680890679359e-04
4.745705518871545792e-04
4.747868224512785673e-04
4.782306205015629530e-04
4.769944644067436457e-04
4.747305065393447876e-04
4.752336244564503431e-04
4.730761575046926737e-04
4.745780024677515030e-04
4.757701535709202290e-04
4.812973784282803535e-04
4.800985916517674923e-04
4.779036098625510931e-04
4.704105958808213472e-04
4.705706960521638393e-04
4.664759617298841476e-04
4.758921277243643999e-04
4.743108293041586876e-04
4.696776741184294224e-04
4.694510716944932938e-04
4.709452041424810886e-04
4.796178254764527082e-04
4.772149841301143169e-04
4.772073007188737392e-04
4.739043361041694880e-04
4.742334131151437759e-04
4.654516524169594049e-04
4.682926810346543789e-04
4.649188485927879810e-04
4.735155089292675257e-04
4.777035210281610489e-04
4.750492807943373919e-04
4.889874253422021866e-04
4.732866655103862286e-04
4.847616655752062798e-04
4.675952368415892124e-04
4.840683541260659695e-04
4.730272339656949043e-04
4.809157981071621180e-04
4.697494732681661844e-04
4.742771270684897900e-04
4.781167081091552973e-04
4.795151471626013517e-04
4.687658802140504122e-04
4.674429364968091249e-04
4.741334123536944389e-04
4.756388079840689898e-04
4.857959866058081388e-04
4.737578274216502905e-04
4.738395800814032555e-04
4.730180371552705765e-04
4.698761622421443462e-04
4.729247884824872017e-04
4.794215201400220394e-04
4.752386012114584446e-04
4.853662685491144657e-04
4.809886449947953224e-04
4.783686599694192410e-04
4.762512980960309505e-04
4.783463082276284695e-04
4.693935916293412447e-04
4.712932568509131670e-04
4.621490661520510912e-04
4.744716861750930548e-04
4.682558937929570675e-04
4.727742052637040615e-04
4.719044663943350315e-04
4.708239866886287928e-04
4.745574842672795057e-04
4.731649532914161682e-04
4.679582780227065086e-04
4.680766433011740446e-04
4.728536005131900311e-04
4.726831975858658552e-04
4.807687655556946993e-04
4.767365462612360716e-04
4.819866444449871778e-04
4.800831084139645100e-04
4.797012370545417070e-04
4.757811548188328743e-04
4.780351882800459862e-04
4.727365158032625914e-04
4.865005903411656618e-04
4.773215332534164190e-04
4.778999136760830879e-04
4.659152182284742594e-04
4.684647719841450453e-04
4.699509008787572384e-04
4.746507038362324238e-04
4.788591759279370308e-04
4.767931532114744186e-04
4.752570239361375570e-04
4.780482267960906029e-04
4.711911024060100317e-04
4.784802149515599012e-04
4.783101612702012062e-04
4.810682148672640324e-04
4.805902717635035515e-04
4.740270378533750772e-04
4.703913873527199030e-04
4.657321842387318611e-04
4.727929190266877413e-04
4.672550421673804522e-04
4.826424992643296719e-04
4.812429833691567183e-04
4.736823611892759800e-04
4.796043504029512405e-04
4.666645254474133253e-04
4.773295368067920208e-04
4.788833321072161198e-04
4.659201949834823608e-04
4.835965810343623161e-04
4.744862380903214216e-04
4.698137054219841957e-04
4.794863343704491854e-04
4.701243597082793713e-04
4.757208225782960653e-04
4.751558299176394939e-04
4.757762944791465998e-04
4.757764982059597969e-04
4.749397921841591597e-04
4.784190386999398470e-04
4.730644577648490667e-04
4.804730415344238281e-04
4.819363821297883987e-04
4.823160707019269466e-04
4.804621275980025530e-04
4.756932321470230818e-04
4.732350644189864397e-04
4.705807950813323259e-04
4.750940133817493916e-04
4.777682770509272814e-04
4.758884897455573082e-04
4.774402477778494358e-04
4.712122899945825338e-04
4.735377442557364702e-04
4.682626458816230297e-04
4.770426021423190832e-04
4.732387023977935314e-04
4.775710985995829105e-04
4.707898187916725874e-04
4.767278151120990515e-04
4.714696260634809732e-04
4.716615367215126753e-04
4.743948811665177345e-04
4.692539223469793797e-04
4.754713154397904873e-04
4.650990886148065329e-04
4.645870940294116735e-04
4.626332374755293131e-04
4.662137362174689770e-04
4.694030503742396832e-04
4.760780138894915581e-04
4.710784123744815588e-04
4.763857868965715170e-04
4.788550140801817179e-04
4.677299584727734327e-04
4.751192755065858364e-04
4.796828434336930513e-04
4.642913991119712591e-04
4.804144555237144232e-04
4.722884914372116327e-04
4.827726806979626417e-04
4.697344556916505098e-04
4.772526153828948736e-04
4.714595852419734001e-04
4.800438764505088329e-04
4.772510437760502100e-04
4.750132502522319555e-04
4.750648513436317444e-04
4.752529493998736143e-04
4.727073246613144875e-04
4.799609305337071419e-04
4.767295322380959988e-04
4.752721870318055153e-04
4.690049972850829363e-04
4.704434541054069996e-04
4.729744105134159327e-04
4.746058839373290539e-04
4.750494554173201323e-04
4.763981560245156288e-04
4.726594488602131605e-04
4.716819094028323889e-04
4.751289961859583855e-04
4.747731727547943592e-04
4.716906114481389523e-04
4.707837360911071301e-04
4.705671744886785746e-04
4.747847851831465960e-04
4.721279838122427464e-04
4.761774034705013037e-04
4.787883663084357977e-04
4.777906578965485096e-04
4.734757239930331707e-04
4.714032402262091637e-04
4.699556739069521427e-04
4.745755868498235941e-04
4.812633269466459751e-04
4.752204113174229860e-04
4.683192528318613768e-04
4.737160634249448776e-04
4.720793513115495443e-04
4.762234457302838564e-04
4.718192794825881720e-04
4.744038160424679518e-04
4.742834425996989012e-04
4.701293364632874727e-04
4.713523667305707932e-04
4.688262415584176779e-04
4.778499423991888762e-04
4.784061457030475140e-04
4.814707499463111162e-04
4.751037049572914839e-04
4.727743507828563452e-04
4.703763115685433149e-04
4.778482834808528423e-04
4.778039292432367802e-04
4.767613718286156654e-04
4.683075530920177698e-04
4.710392677225172520e-04
4.717916599474847317e-04
4.825763462577015162e-04
4.789502127096056938e-04
4.747477942146360874e-04
4.738169664051383734e-04
4.755309200845658779e-04
4.802677140105515718e-04
4.750593798235058784e-04
4.753144166897982359e-04
4.740680451504886150e-04
4.765958583448082209e-04
4.697686526924371719e-04
4.760982992593199015e-04
4.696060495916754007e-04
4.725132021121680737e-04
4.749839426949620247e-04
4.694035451393574476e-04
4.783205804415047169e-04
4.713394446298480034e-04
4.790824023075401783e-04
4.764173936564475298e-04
4.868854302912950516e-04
4.778670845553278923e-04
4.685738531406968832e-04
4.725629405584186316e-04
4.699316923506557941e-04
4.660841368604451418e-04
4.660445847548544407e-04
4.853762511629611254e-04
4.864094080403447151e-04
4.759518196806311607e-04
4.626669688150286674e-04
4.662696155719459057e-04
4.696559917647391558e-04
4.815791326109319925e-04
4.738532879855483770e-04
4.786380450241267681e-04
4.768224898725748062e-04
4.867217794526368380e-04
4.717508272733539343e-04
4.870439297519624233e-04
4.789021040778607130e-04
4.857410967815667391e-04
4.688203625846654177e-04
4.857541935052722692e-04
4.699967103078961372e-04
4.697750264313071966e-04
4.686831380240619183e-04
4.670134803745895624e-04
4.770189407281577587e-04
4.570273158606141806e-04
4.724318278022110462e-04
4.575597704388201237e-04
4.705096944235265255e-04
4.761875316035002470e-04
4.761193122249096632e-04
4.736241826321929693e-04
4.604955611284822226e-04
4.823956114705651999e-04
4.843212664127349854e-04
4.800850874744355679e-04
4.742697637993842363e-04
4.643822612706571817e-04
4.707708139903843403e-04
4.754774854518473148e-04
4.805960634257644415e-04
4.729177744593471289e-04
4.754343826789408922e-04
4.742399905808269978e-04
4.735979600809514523e-04
4.729825886897742748e-04
4.765056073665618896e-04
4.748262290377169847e-04
4.693258379120379686e-04
4.653080541174858809e-04
4.690445202868431807e-04
4.755842674057930708e-04
4.794163687620311975e-04
4.759745788760483265e-04
4.766809870488941669e-04
4.767971695400774479e-04
4.767561040353029966e-04
4.743521276395767927e-04
4.734715912491083145e-04
4.765608755405992270e-04
4.751243686769157648e-04
4.771908570546656847e-04
4.728227795567363501e-04
4.773156542796641588e-04
4.764939367305487394e-04
4.735476104542613029e-04
4.720529541373252869e-04
4.696406249422580004e-04
4.728802596218883991e-04
4.751004453282803297e-04
4.752393288072198629e-04
4.723407328128814697e-04
4.726232436951249838e-04
4.731570079457014799e-04
4.744870238937437534e-04
4.760817682836204767e-04
4.758732684422284365e-04
4.733956884592771530e-04
4.767276113852858543e-04
4.725603503175079823e-04
4.733330861199647188e-04
4.740435688290745020e-04
4.781504103448241949e-04
4.773597465828061104e-04
4.750166554003953934e-04
4.731903609354048967e-04
4.717840638477355242e-04
4.702105943579226732e-04
4.761685268022119999e-04
4.792907566297799349e-04
4.776847490575164557e-04
4.784675838891416788e-04
4.738618736155331135e-04
4.738908028230071068e-04
4.768458602484315634e-04
4.774056724272668362e-04
4.806940560229122639e-04
4.779327136930078268e-04
4.797664296347647905e-04
4.754782421514391899e-04
4.734752874355763197e-04
4.771743551827967167e-04
4.789736412931233644e-04
4.782065516337752342e-04
4.668865294661372900e-04
4.772603278979659081e-04
4.749754443764686584e-04
4.842902126256376505e-04
4.725623293779790401e-04
4.813121922779828310e-04
4.830347897950559855e-04
4.716874391306191683e-04
4.746923514176160097e-04
4.709074273705482483e-04
4.821375187020748854e-04
4.780636227224022150e-04
4.699263081420212984e-04
4.722579033114016056e-04
4.753565299324691296e-04
4.637581587303429842e-04
4.685754829552024603e-04
4.639154649339616299e-04
4.806801443919539452e-04
4.918896011076867580e-04
4.785449709743261337e-04
4.865744849666953087e-04
4.789051890838891268e-04
4.738110874313861132e-04
4.663362924475222826e-04
4.743936005979776382e-04
4.768205981235951185e-04
4.758808936458081007e-04
4.827444499824196100e-04
4.806328797712922096e-04
4.725990293081849813e-04
4.755860718432813883e-04
4.680250422097742558e-04
4.758470458909869194e-04
4.776369605679064989e-04
4.735990369226783514e-04
4.822838818654417992e-04
4.687554319389164448e-04
4.771839885506778955e-04
4.736754053737968206e-04
4.758423310704529285e-04
4.749025683850049973e-04
4.772730462718755007e-04
4.772451648022979498e-04
4.733185051009058952e-04
4.741120210383087397e-04
4.739439464174211025e-04
4.751816450152546167e-04
4.789153172168880701e-04
4.768396902363747358e-04
4.772454849444329739e-04
4.749033832922577858e-04
4.729215288534760475e-04
4.745543701574206352e-04
4.786591161973774433e-04
4.731904773507267237e-04
4.780053859576582909e-04
4.760384035762399435e-04
4.788396181538701057e-04
4.775597481057047844e-04
4.777065769303590059e-04
4.787858633790165186e-04
4.761333984788507223e-04
4.774810804519802332e-04
4.751422675326466560e-04
4.784852499142289162e-04
4.728661733679473400e-04
4.773804394062608480e-04
4.735423717647790909e-04
4.771983367390930653e-04
4.746771010104566813e-04
4.756272828672081232e-04
4.767057253047823906e-04
4.769933584611862898e-04
4.772953689098358154e-04
4.781378083862364292e-04
4.765244375448673964e-04
4.765981284435838461e-04
4.783252079505473375e-04
4.775244742631912231e-04
4.774086701218038797e-04
4.763492324855178595e-04
4.767983336932957172e-04
4.784408374689519405e-04
4.773282271344214678e-04
4.801893664989620447e-04
4.734327667392790318e-04
4.707877815235406160e-04
4.724469326902180910e-04
4.758224531542509794e-04
4.760822630487382412e-04
4.727054038085043430e-04
4.747439234051853418e-04
4.751272499561309814e-04
4.763252509292215109e-04
4.737413837574422359e-04
4.737699055112898350e-04
4.713328089565038681e-04
4.743477911688387394e-04
4.757648566737771034e-04
4.764223995152860880e-04
4.747725906781852245e-04
4.768526705447584391e-04
4.765304329339414835e-04
4.769927763845771551e-04
4.748273349832743406e-04
4.729861684609204531e-04
4.748158680740743876e-04
4.739533469546586275e-04
4.749169747810810804e-04
4.755915724672377110e-04
4.734820977319031954e-04
4.760602605529129505e-04
4.761369200423359871e-04
4.748699720948934555e-04
4.736371338367462158e-04
4.738824791274964809e-04
4.768895159941166639e-04
4.718278360087424517e-04
4.792611580342054367e-04
4.736627743113785982e-04
4.800989700015634298e-04
4.770174564328044653e-04
4.771774110849946737e-04
4.698861448559910059e-04
4.747204657178372145e-04
4.726842744275927544e-04
4.785339406225830317e-04
4.715649120043963194e-04
4.802575276698917150e-04
4.767408245243132114e-04
4.776220594067126513e-04
4.789165104739367962e-04
4.724933824036270380e-04
4.773233085870742798e-04
4.771580279339104891e-04
4.823023627977818251e-04
4.761628224514424801e-04
4.764848272316157818e-04
4.787081561516970396e-04
4.700676363427191973e-04
4.754994879476726055e-04
4.709459026344120502e-04
4.745362093672156334e-04
4.725478647742420435e-04
4.725796461571007967e-04
4.762361932080239058e-04
4.802075563929975033e-04
4.782245378009974957e-04
4.759817093145102262e-04
4.768171056639403105e-04
4.740178119391202927e-04
4.717256815638393164e-04
4.762105818372219801e-04
4.730227519758045673e-04
4.742424644064158201e-04
4.732656234409660101e-04
4.704466264229267836e-04
4.742404271382838488e-04
4.739562282338738441e-04
4.864583024755120277e-04
4.739848081953823566e-04
4.715982358902692795e-04
4.713188391178846359e-04
4.753824032377451658e-04
4.821381589863449335e-04
4.802130861207842827e-04
4.803812480531632900e-04
4.803419287782162428e-04
4.805332864634692669e-04
4.732683300971984863e-04
4.742438031826168299e-04
4.742346645798534155e-04
4.756593843922019005e-04
4.745588521473109722e-04
4.742475284729152918e-04
4.753773973789066076e-04
4.745591140817850828e-04
4.709149361588060856e-04
4.801668692380189896e-04
4.774625995196402073e-04
4.837068263441324234e-04
4.689917259383946657e-04
4.727913183160126209e-04
4.723875608760863543e-04
4.729217907879501581e-04
4.741193260997533798e-04
4.712220397777855396e-04
4.719331627711653709e-04
4.746592312585562468e-04
4.761130257975310087e-04
4.788035876117646694e-04
4.747264320030808449e-04
4.773512773681432009e-04
4.708478809334337711e-04
4.695028183050453663e-04
4.706618783529847860e-04
4.762520256917923689e-04
4.736196424346417189e-04
4.735996772069483995e-04
4.766610218212008476e-04
4.725077014882117510e-04
4.798670415766537189e-04
4.778590227942913771e-04
4.750232328660786152e-04
4.583155387081205845e-04
4.777704598382115364e-04
4.721541481558233500e-04
4.821604234166443348e-04
4.796778666786849499e-04
4.778027068823575974e-04
4.722484445665031672e-04
4.644410510081797838e-04
4.741579759865999222e-04
4.741332959383726120e-04
4.851042467635124922e-04
4.804713826160877943e-04
4.754670662805438042e-04
4.675890086218714714e-04
4.702089645434170961e-04
4.718105483334511518e-04
4.782149335369467735e-04
4.812163242604583502e-04
4.787290527019649744e-04
4.778650763910263777e-04
4.741499142255634069e-04
4.733180685434490442e-04
4.742838209494948387e-04
4.820673493668437004e-04
4.767256905324757099e-04
4.742745950352400541e-04
4.735653637908399105e-04
4.768135258927941322e-04
4.783625772688537836e-04
4.735306138172745705e-04
4.729958891402930021e-04
4.749567015096545219e-04
4.773275286424905062e-04
4.768397775478661060e-04
4.760384617839008570e-04
4.766400379594415426e-04
4.768034268636256456e-04
4.760538577102124691e-04
4.753033863380551338e-04
4.726272891275584698e-04
4.697344847954809666e-04
4.709300992544740438e-04
4.722955345641821623e-04
4.792694235220551491e-04
4.830465768463909626e-04
4.751152300741523504e-04
4.706636536866426468e-04
4.665840242523699999e-04
4.767623322550207376e-04
4.746598133351653814e-04
4.850034310948103666e-04
4.771128878928720951e-04
4.742667661048471928e-04
4.792796389665454626e-04
4.779800074175000191e-04
4.765835765283554792e-04
4.717625561170279980e-04
4.729840147774666548e-04
4.752971581183373928e-04
4.753435787279158831e-04
4.770383238792419434e-04
4.711210494861006737e-04
4.738060524687170982e-04
4.733884707093238831e-04
4.754848487209528685e-04
4.770993546117097139e-04
4.732366069220006466e-04
4.749587096739560366e-04
4.745555925182998180e-04
4.748132778331637383e-04
4.742024466395378113e-04
4.758930008392781019e-04
4.752172098960727453e-04
4.783667100127786398e-04
4.767779901158064604e-04
4.744127509184181690e-04
4.752921813633292913e-04
4.804622731171548367e-04
4.778430156875401735e-04
4.753475659526884556e-04
4.770761879626661539e-04
4.747161583509296179e-04
4.757860442623496056e-04
4.737055278383195400e-04
4.728351777885109186e-04
4.708194755949079990e-04
4.750667430926114321e-04
4.732808447442948818e-04
4.763165488839149475e-04
4.733116074930876493e-04
4.733050300274044275e-04
4.757105489261448383e-04
4.771155945491045713e-04
4.757361602969467640e-04
4.736500850412994623e-04
4.762371245305985212e-04
4.824573989026248455e-04
4.664094885811209679e-04
4.684052255470305681e-04
4.682827566284686327e-04
4.692277580033987761e-04
4.660763661377131939e-04
4.775891720782965422e-04
4.870795819442719221e-04
4.785768978763371706e-04
4.819497116841375828e-04
4.739308496937155724e-04
4.721830482594668865e-04
4.742198798339813948e-04
4.711763467639684677e-04
4.767219361383467913e-04
4.755642730742692947e-04
4.672410723287612200e-04
4.746191843878477812e-04
4.698706907220184803e-04
4.732812813017517328e-04
4.758109280373901129e-04
4.718631680589169264e-04
4.793431726284325123e-04
4.664054722525179386e-04
4.784237826243042946e-04
4.656602977775037289e-04
4.863873764406889677e-04
4.693740920629352331e-04
4.951729788444936275e-04
4.899535560980439186e-04
4.622962151188403368e-04
4.756313865073025227e-04
4.628707538358867168e-04
5.009915912523865700e-04
4.673858638852834702e-04
4.924418753944337368e-04
4.591312608681619167e-04
4.878314211964607239e-04
4.530073492787778378e-04
4.866471281275153160e-04
4.800939350388944149e-04
4.938706988468766212e-04
5.010782042518258095e-04
4.867379611823707819e-04
4.822758783120661974e-04
4.646839806810021400e-04
4.669419140554964542e-04
4.663334402721375227e-04
4.687409964390099049e-04
4.700455756392329931e-04
4.754094989039003849e-04
4.756306880153715611e-04
4.704075981862843037e-04
4.775031411554664373e-04
4.822514601983129978e-04
4.867106035817414522e-04
4.810057871509343386e-04
4.809340171050280333e-04
4.814182175323367119e-04
4.786378995049744844e-04
4.838693712372332811e-04
4.762804019264876842e-04
4.798371519427746534e-04
4.804071213584393263e-04
4.767112550325691700e-04
4.805779317393898964e-04
4.749288200400769711e-04
4.738662682939320803e-04
4.796196008101105690e-04
4.734247922897338867e-04
4.778045986313372850e-04
4.743453173432499170e-04
4.791340616066008806e-04
4.759964649565517902e-04
4.771296516992151737e-04
4.732863453682512045e-04
4.792192485183477402e-04
4.738148127216845751e-04
4.737993585877120495e-04
4.659131227526813745e-04
4.796668654307723045e-04
4.686070606112480164e-04
4.818534944206476212e-04
4.735470283776521683e-04
4.872379067819565535e-04
4.799995804205536842e-04
4.813294217456132174e-04
4.728265630546957254e-04
4.795124405063688755e-04
4.772511019837111235e-04
4.818997695110738277e-04
4.763234173879027367e-04
4.795468994416296482e-04
4.770508676301687956e-04
4.821712209377437830e-04
4.770572704728692770e-04
4.786384233739227057e-04
4.761273157782852650e-04
4.787817888427525759e-04
4.762879107147455215e-04
4.780121671501547098e-04
4.798323207069188356e-04
4.753078392241150141e-04
4.802718176506459713e-04
4.773754626512527466e-04
4.761037707794457674e-04
4.737484850920736790e-04
4.729705979116261005e-04
4.773885302711278200e-04
4.786416830029338598e-04
4.742566379718482494e-04
4.804459749720990658e-04
4.746531194541603327e-04
4.777576832566410303e-04
4.685900348704308271e-04
4.762536555062979460e-04
4.748591163661330938e-04
4.743684257846325636e-04
4.798418085556477308e-04
4.739401920232921839e-04
4.775717970915138721e-04
4.733798850793391466e-04
4.752703825943171978e-04
4.751429078169167042e-04
4.761789750773459673e-04
4.766781057696789503e-04
4.777230496983975172e-04
4.773239488713443279e-04
4.787515208590775728e-04
4.786681092809885740e-04
4.800751339644193649e-04
4.777772410307079554e-04
4.794222186319530010e-04
4.801042086910456419e-04
4.798480076715350151e-04
4.770538071170449257e-04
4.786044592037796974e-04
4.775310517288744450e-04
4.757893912028521299e-04
4.760938463732600212e-04
4.788881342392414808e-04
4.793326952494680882e-04
4.798222798854112625e-04
4.803235060535371304e-04
4.785566125065088272e-04
4.795253626070916653e-04
4.776664427481591702e-04
4.779054434038698673e-04
4.779668524861335754e-04
4.765252233482897282e-04
4.778293368872255087e-04
4.761319723911583424e-04
4.778536385856568813e-04
4.754351684823632240e-04
4.777571011800318956e-04
4.793127882294356823e-04
4.793060070369392633e-04
4.780174058396369219e-04
4.762932367157191038e-04
4.757410497404634953e-04
4.781553288921713829e-04
4.765707999467849731e-04
4.785034107044339180e-04
4.783480253536254168e-04
4.791894170921295881e-04
4.792462277691811323e-04
4.777851281687617302e-04
4.778805014211684465e-04
4.764937330037355423e-04
4.762261814903467894e-04
4.768552316818386316e-04
4.762914904858916998e-04
4.776976129505783319e-04
4.752595850732177496e-04
4.784160701092332602e-04
4.758330178447067738e-04
4.790540842805057764e-04
4.760628216899931431e-04
4.778854199685156345e-04
4.767276986967772245e-04
4.785447672475129366e-04
4.764648620039224625e-04
4.760399460792541504e-04
4.753463144879788160e-04
4.746937484014779329e-04
4.752293752972036600e-04
4.745897022075951099e-04
4.731175431516021490e-04
4.753916873596608639e-04
4.754980909638106823e-04
4.768579674419015646e-04
4.761241434607654810e-04
4.738447605632245541e-04
4.731586377602070570e-04
4.749883664771914482e-04
4.745932528749108315e-04
4.753485554829239845e-04
4.745618498418480158e-04
4.762001626659184694e-04
4.762023163493722677e-04
4.767429200001060963e-04
4.755595873575657606e-04
4.761909367516636848e-04
4.765227495227009058e-04
4.770115483552217484e-04
4.753195389639586210e-04
4.775981651619076729e-04
4.769239458255469799e-04
4.781166207976639271e-04
4.766390775330364704e-04
4.762950993608683348e-04
4.753955581691116095e-04
4.762634052895009518e-04
4.756897978950291872e-04
4.768896033056080341e-04
4.761826421599835157e-04
4.772050888277590275e-04
4.750488151330500841e-04
4.759248986374586821e-04
4.763668403029441833e-04
4.769715014845132828e-04
4.779917944688349962e-04
4.763707984238862991e-04
4.771412932313978672e-04
4.764319746755063534e-04
4.770457162521779537e-04
4.759851726703345776e-04
4.756179987452924252e-04
4.754030378535389900e-04
4.742152814287692308e-04
4.758036229759454727e-04
4.744534089695662260e-04
4.765701014548540115e-04
4.768567741848528385e-04
4.781545430887490511e-04
4.754026886075735092e-04
4.773084947373718023e-04
4.765382327605038881e-04
4.784922348335385323e-04
4.770954255945980549e-04
4.773924883920699358e-04
4.775974375661462545e-04
4.770647210534662008e-04
4.751073429360985756e-04
4.753924440592527390e-04
4.750989028252661228e-04
4.790127277374267578e-04
4.773269756697118282e-04
4.783285548910498619e-04
4.769044171553105116e-04
4.773124819621443748e-04
4.770290688611567020e-04
4.769961233250796795e-04
4.762292664963752031e-04
4.774154804181307554e-04
4.767180362250655890e-04
4.765084886457771063e-04
4.767946084029972553e-04
4.762322932947427034e-04
4.772778775077313185e-04
4.776284622494131327e-04
4.771042149513959885e-04
4.773165273945778608e-04
4.765196354128420353e-04
4.774775006808340549e-04
4.777229623869061470e-04
4.759423900395631790e-04
4.764189361594617367e-04
4.750899970531463623e-04
4.788742517121136189e-04
4.778543661814182997e-04
4.812185361515730619e-04
4.792336258105933666e-04
4.778094589710235596e-04
4.749123472720384598e-04
4.734375397674739361e-04
4.749633080791682005e-04
4.764412587974220514e-04
4.771191161125898361e-04
4.772189713548868895e-04
4.781089082825928926e-04
4.767543578054755926e-04
4.769741499330848455e-04
4.758485010825097561e-04
4.748157516587525606e-04
4.756236157845705748e-04
4.750149091705679893e-04
4.746582417283207178e-04
4.753295797854661942e-04
4.755271074827760458e-04
4.775015986524522305e-04
4.747335624415427446e-04
4.766665515489876270e-04
4.751209344249218702e-04
4.782410105690360069e-04
4.751322267111390829e-04
4.768035141751170158e-04
4.740823642350733280e-04
4.744323960039764643e-04
4.752622626256197691e-04
4.758162540383636951e-04
4.777695867232978344e-04
4.763346223626285791e-04
4.794491105712950230e-04
4.795854329131543636e-04
4.796073189936578274e-04
4.793907573912292719e-04
4.780991002917289734e-04
4.763770266436040401e-04
4.750713123939931393e-04
4.763977776747196913e-04
4.765199555549770594e-04
4.776406567543745041e-04
4.760161100421100855e-04
4.759701259899884462e-04
4.757200076710432768e-04
4.759809817187488079e-04
4.750417429022490978e-04
4.760123265441507101e-04
4.768309590872377157e-04
4.778467991854995489e-04
4.769091610796749592e-04
4.775932175107300282e-04
4.772416432388126850e-04
4.770935338456183672e-04
4.775068955495953560e-04
4.766242054756730795e-04
4.771273233927786350e-04
4.762216412927955389e-04
4.759113653562963009e-04
4.748749488499015570e-04
4.768955404870212078e-04
4.750367370434105396e-04
4.768668441101908684e-04
4.754498077090829611e-04
4.773562250193208456e-04
4.763811593875288963e-04
4.773319233208894730e-04
4.778376896865665913e-04
4.789092345163226128e-04
4.775029665324836969e-04
4.745598125737160444e-04
4.757615097332745790e-04
4.750236985273659229e-04
4.746383638121187687e-04
4.741536686196923256e-04
4.754404944833368063e-04
4.761733871418982744e-04
4.764983605127781630e-04
4.774420813191682100e-04
4.773512482643127441e-04
4.767064529005438089e-04
4.777110589202493429e-04
4.768367798533290625e-04
4.765667836181819439e-04
4.755729169119149446e-04
4.754266119562089443e-04
4.750102816615253687e-04
4.753437533508986235e-04
4.758781869895756245e-04
4.760584852192550898e-04
4.762469907291233540e-04
4.768441140186041594e-04
4.770092782564461231e-04
4.758727445732802153e-04
4.759080475196242332e-04
4.760357260238379240e-04
4.774072440341114998e-04
4.759809235110878944e-04
4.776432760991156101e-04
4.763665201608091593e-04
4.771512758452445269e-04
4.762547032441943884e-04
4.739035211969166994e-04
4.772336396854370832e-04
4.749613581225275993e-04
4.789791710209101439e-04
4.767221107613295317e-04
4.774648696184158325e-04
4.703406302724033594e-04
4.743585013784468174e-04
4.706202889792621136e-04
4.753907851409167051e-04
4.779062874149531126e-04
4.794755368493497372e-04
4.745720652863383293e-04
4.802444891538470984e-04
4.830230318475514650e-04
4.907847614958882332e-04
4.858764586970210075e-04
4.796840075869113207e-04
4.765653866343200207e-04
4.769683000631630421e-04
4.690733621828258038e-04
4.748574574477970600e-04
4.714857204817235470e-04
4.774432454723864794e-04
4.757876449730247259e-04
4.748398787342011929e-04
4.767981008626520634e-04
4.781815514434129000e-04
4.778329166583716869e-04
4.805813950952142477e-04
4.801879695151001215e-04
4.774454864673316479e-04
4.772460379172116518e-04
4.774211847689002752e-04
4.716161347460001707e-04
4.725254839286208153e-04
4.704891471192240715e-04
4.726902989204972982e-04
4.742874880321323872e-04
4.736660048365592957e-04
4.777722933795303106e-04
4.767531645484268665e-04
4.810193204320967197e-04
4.759170988108962774e-04
4.754972469527274370e-04
4.740096337627619505e-04
4.779542214237153530e-04
4.834068240597844124e-04
4.763467004522681236e-04
4.728942876681685448e-04
4.746205231640487909e-04
4.757241404149681330e-04
4.803699266631156206e-04
4.757229762617498636e-04
4.807840450666844845e-04
4.727065679617226124e-04
4.746686026919633150e-04
4.741364973597228527e-04
4.788497462868690491e-04
4.798898007720708847e-04
4.731825902126729488e-04
4.771435051225125790e-04
4.749896470457315445e-04
4.785198252648115158e-04
4.734380054287612438e-04
4.772781685460358858e-04
4.759759758599102497e-04
4.788777441717684269e-04
4.748170613311231136e-04
4.778984293807297945e-04
4.759850853588432074e-04
4.774102126248180866e-04
4.761141026392579079e-04
4.771164385601878166e-04
4.766801721416413784e-04
4.755115660373121500e-04
4.749099316541105509e-04
4.754109249915927649e-04
4.753759421873837709e-04
4.753354587592184544e-04
4.765326157212257385e-04
4.753418033942580223e-04
4.773074469994753599e-04
4.768293583765625954e-04
4.779606242664158344e-04
4.778540460392832756e-04
4.782115865964442492e-04
4.758180584758520126e-04
4.772682732436805964e-04
4.760008596349507570e-04
4.778777365572750568e-04
4.770618397742509842e-04
4.767290083691477776e-04
4.770388477481901646e-04
4.762304888572543859e-04
4.772189131472259760e-04
4.727243212983012199e-04
4.773791297338902950e-04
4.679855483118444681e-04
4.708467749878764153e-04
4.665009910240769386e-04
4.775687993969768286e-04
4.752262902911752462e-04
4.741464799735695124e-04
4.730822984129190445e-04
4.682752769440412521e-04
4.790399398189038038e-04
4.711738438345491886e-04
4.723545280285179615e-04
4.791007959283888340e-04
4.724453028757125139e-04
4.787664802279323339e-04
4.724673344753682613e-04
4.836366570089012384e-04
4.771542153321206570e-04
4.788364749401807785e-04
4.741573065984994173e-04
4.810215323232114315e-04
4.758821742143481970e-04
4.756012931466102600e-04
4.728446074295789003e-04
4.788439546246081591e-04
4.749892104882746935e-04
4.754244000650942326e-04
4.745791957248002291e-04
4.791182000190019608e-04
4.737909766845405102e-04
4.804405325558036566e-04
4.734291578643023968e-04
4.835718136746436357e-04
4.783297190442681313e-04
4.810501413885504007e-04
4.782201431225985289e-04
4.801977192983031273e-04
4.724198079202324152e-04
4.765010671690106392e-04
4.722784215118736029e-04
4.781183379236608744e-04
4.754567053169012070e-04
4.764828190673142672e-04
4.754833644255995750e-04
4.787850484717637300e-04
4.827200027648359537e-04
4.800793540198355913e-04
4.795917775481939316e-04
4.827506782021373510e-04
4.785283235833048820e-04
4.807105869986116886e-04
4.778887087013572454e-04
4.768844228237867355e-04
4.740718286484479904e-04
4.721731238532811403e-04
4.747485218103975058e-04
4.747285274788737297e-04
4.781323659699410200e-04
4.762926837429404259e-04
4.766884667333215475e-04
4.771054664161056280e-04
4.749427316710352898e-04
4.767015925608575344e-04
4.730883811134845018e-04
4.813027335330843925e-04
4.715417162515223026e-04
4.792143299710005522e-04
4.762522876262664795e-04
4.797580768354237080e-04
4.774649569299072027e-04
4.782638861797749996e-04
4.791893588844686747e-04
4.783976764883846045e-04
4.804645432159304619e-04
4.795986460521817207e-04
4.741243319585919380e-04
4.758285067509859800e-04
4.715466639026999474e-04
4.756423295475542545e-04
4.735754046123474836e-04
4.774476110469549894e-04
4.768915532622486353e-04
4.802256298717111349e-04
4.772646061610430479e-04
4.730913497041910887e-04
4.774019180331379175e-04
4.766415222547948360e-04
4.792555409949272871e-04
4.761552263516932726e-04
4.743283789139240980e-04
4.762694006785750389e-04
4.756010312121361494e-04
4.775948764290660620e-04
4.792539984919130802e-04
4.766618658322840929e-04
4.780598101206123829e-04
4.751934320665895939e-04
4.755608097184449434e-04
4.755907575599849224e-04
4.764494078699499369e-04
4.768507787957787514e-04
4.786297795362770557e-04
4.769914085045456886e-04
4.771329404320567846e-04
4.763578181155025959e-04
4.761850577779114246e-04
4.757671558763831854e-04
4.755694244522601366e-04
4.765905614476650953e-04
4.765031626448035240e-04
4.777621652465313673e-04
4.757007118314504623e-04
4.771784588228911161e-04
4.766859638039022684e-04
4.777828289661556482e-04
4.762633761856704950e-04
4.759599105454981327e-04
4.747039929497987032e-04
4.755504778586328030e-04
4.759677103720605373e-04
4.751081287395209074e-04
4.761836607940495014e-04
4.760010633617639542e-04
4.768805811181664467e-04
4.767322388943284750e-04
4.767458303831517696e-04
4.768440267071127892e-04
4.756523994728922844e-04
4.757756541948765516e-04
4.744047764688730240e-04
4.760209121741354465e-04
4.749474755953997374e-04
4.750810330733656883e-04
4.752223030664026737e-04
4.745614132843911648e-04
4.765660560224205256e-04
4.743626923300325871e-04
4.761314485222101212e-04
4.756648268084973097e-04
4.757049609906971455e-04
4.749780637212097645e-04
4.749450890813022852e-04
4.759900330100208521e-04
4.759700095746666193e-04
4.756187263410538435e-04
4.759977746289223433e-04
4.745404294226318598e-04
4.751154920086264610e-04
4.769439692609012127e-04
4.763241158798336983e-04
4.760477459058165550e-04
4.768325597979128361e-04
4.763407923746854067e-04
4.777400172315537930e-04
4.763793549500405788e-04
4.773553519044071436e-04
4.768790095113217831e-04
4.773620166815817356e-04
4.765065386891365051e-04
4.752114764414727688e-04
4.754116816911846399e-04
4.747830098494887352e-04
4.756659327540546656e-04
4.755719855893403292e-04
4.768942017108201981e-04
4.770385567098855972e-04
4.770405066665261984e-04
4.764426266774535179e-04
4.757930873893201351e-04
4.767857026308774948e-04
4.755337431561201811e-04
4.764834884554147720e-04
4.750822554342448711e-04
4.753389512188732624e-04
4.764517943840473890e-04
4.772188840433955193e-04
4.760841256938874722e-04
4.753534740302711725e-04
4.749372310470789671e-04
4.756506241392344236e-04
4.738596617244184017e-04
4.758900322485715151e-04
4.750025109387934208e-04
4.770728701259940863e-04
4.755719273816794157e-04
4.774562839884310961e-04
4.752339445985853672e-04
4.754426190629601479e-04
4.768128565046936274e-04
4.773029068019241095e-04
4.764766490552574396e-04
4.773027030751109123e-04
4.779944138135761023e-04
4.769311926793307066e-04
4.766326746903359890e-04
4.768241487909108400e-04
4.753278917632997036e-04
4.760900628753006458e-04
4.758880822919309139e-04
4.773100663442164660e-04
4.766466445289552212e-04
4.772375104948878288e-04
4.769566003233194351e-04
4.762074677273631096e-04
4.747490747831761837e-04
4.768187354784458876e-04
4.762556927744299173e-04
4.764946934301406145e-04
4.764819168485701084e-04
4.765609337482601404e-04
4.765647172462195158e-04
4.757284768857061863e-04
4.774347762577235699e-04
4.756266425829380751e-04
4.765719058923423290e-04
4.763294127769768238e-04
4.771363455802202225e-04
4.769423685502260923e-04
4.762532771565020084e-04
4.766922502312809229e-04
4.756274865940213203e-04
4.762573516927659512e-04
4.745913029182702303e-04
4.759786825161427259e-04
4.772427200805395842e-04
4.764910554513335228e-04
4.767615173477679491e-04
4.767601785715669394e-04
4.767915816046297550e-04
4.765437042806297541e-04
4.758481518365442753e-04
4.743859171867370605e-04
4.753336834255605936e-04
4.769889928866177797e-04
4.777983413077890873e-04
4.781502357218414545e-04
4.781865573022514582e-04
4.771254316437989473e-04
4.779470909852534533e-04
4.768009239342063665e-04
4.765570629388093948e-04
4.758280992973595858e-04
4.751023370772600174e-04
4.768548824358731508e-04
4.762289754580706358e-04
4.762682074215263128e-04
4.763925098814070225e-04
4.778266011271625757e-04
4.766908532474189997e-04
4.756538837682455778e-04
4.762890166603028774e-04
4.757320857606828213e-04
4.759729490615427494e-04
4.736853006761521101e-04
4.750918888021260500e-04
4.744266916532069445e-04
4.756957350764423609e-04
4.748723295051604509e-04
4.798363952431827784e-04
4.791928804479539394e-04
4.790862731169909239e-04
4.796809807885438204e-04
4.773185646627098322e-04
4.793836560565978289e-04
4.747041384689509869e-04
4.724978061858564615e-04
4.723118327092379332e-04
4.752974782604724169e-04
4.798058362212032080e-04
4.786762292496860027e-04
4.789547238033264875e-04
4.766836646012961864e-04
4.763717879541218281e-04
4.756142734549939632e-04
4.737464769277721643e-04
4.744864709209650755e-04
4.752214881591498852e-04
4.761479794979095459e-04
4.771500534843653440e-04
4.815138236153870821e-04
4.797659057658165693e-04
4.802891344297677279e-04
4.718079871963709593e-04
4.745488113258033991e-04
4.730379150714725256e-04
4.813766863662749529e-04
4.834140709135681391e-04
4.866041417699307203e-04
4.757108981721103191e-04
4.781555035151541233e-04
4.682317376136779785e-04
4.792360123246908188e-04
4.743601020891219378e-04
4.796581342816352844e-04
4.692646907642483711e-04
4.769558727275580168e-04
4.730190848931670189e-04
4.715320246759802103e-04
4.763136385008692741e-04
4.773701366502791643e-04
4.796932917088270187e-04
4.774116969201713800e-04
4.845254297833889723e-04
4.830748948734253645e-04
4.781810566782951355e-04
4.793035623151808977e-04
4.749548679683357477e-04
4.789732047356665134e-04
4.722797020804136992e-04
4.789813829120248556e-04
4.660165577661246061e-04
4.821298352908343077e-04
4.725523758679628372e-04
4.808889352716505527e-04
4.710592329502105713e-04
4.756162525154650211e-04
4.762827011290937662e-04
4.750899097416549921e-04
4.731325898319482803e-04
4.749825457111001015e-04
4.735114052891731262e-04
4.802963230758905411e-04
4.692204529419541359e-04
4.708129563368856907e-04
4.699573619291186333e-04
4.727279883809387684e-04
4.738286661449819803e-04
4.722445737570524216e-04
4.744558245874941349e-04
4.737824492622166872e-04
4.747221246361732483e-04
4.740293370559811592e-04
4.732621018774807453e-04
4.754985857289284468e-04
4.779975279234349728e-04
4.786417703144252300e-04
4.765350313391536474e-04
4.757554561365395784e-04
4.759894509334117174e-04
4.749489307869225740e-04
4.736678092740476131e-04
4.756974522024393082e-04
4.733846290037035942e-04
4.773078253492712975e-04
4.760893061757087708e-04
4.768340149894356728e-04
4.761207092087715864e-04
4.764431214425712824e-04
4.780602175742387772e-04
4.747989296447485685e-04
4.756459675263613462e-04
4.755046102218329906e-04
4.758322029374539852e-04
4.749820509459823370e-04
4.754731489811092615e-04
4.750757070723921061e-04
4.755491390824317932e-04
4.763849428854882717e-04
4.755103436764329672e-04
4.767052305396646261e-04
4.781879542861133814e-04
4.777277354151010513e-04
4.767966747749596834e-04
4.770120140165090561e-04
4.765494377352297306e-04
4.776648711413145065e-04
4.767331993207335472e-04
4.770005471073091030e-04
4.762610478792339563e-04
4.763285396620631218e-04
4.765341873280704021e-04
4.765041812788695097e-04
4.769935912918299437e-04
4.760738811455667019e-04
4.758712893817573786e-04
4.757210845127701759e-04
4.748914507217705250e-04
4.750111547764390707e-04
4.759826406370848417e-04
4.762255703099071980e-04
4.760178562719374895e-04
4.762314201798290014e-04
4.762198659591376781e-04
4.758160794153809547e-04
4.764691693708300591e-04
4.759334551636129618e-04
4.769714723806828260e-04
4.764572368003427982e-04
4.763246688526123762e-04
4.756109556183218956e-04
4.765559569932520390e-04
4.763981269206851721e-04
4.770589293912053108e-04
4.764721088577061892e-04
4.762497555930167437e-04
4.753764951601624489e-04
4.754318506456911564e-04
4.766022902913391590e-04
4.765410558320581913e-04
4.771052626892924309e-04
4.764481564052402973e-04
4.767365753650665283e-04
4.755731497425585985e-04
4.765363119076937437e-04
4.753164248540997505e-04
4.762776079587638378e-04
4.755125264637172222e-04
4.766724887304008007e-04
4.753887478727847338e-04
4.761727468576282263e-04
4.763629403896629810e-04
4.766757483594119549e-04
4.753033863380551338e-04
4.763433535117655993e-04
4.763209144584834576e-04
4.770765954162925482e-04
4.754440742544829845e-04
4.759344155900180340e-04
4.759290895890444517e-04
4.776224668603390455e-04
4.773896362166851759e-04
4.765750782098621130e-04
4.763283650390803814e-04
4.760697192978113890e-04
4.762247262988239527e-04
4.752676468342542648e-04
4.758317081723362207e-04
4.753436369355767965e-04
4.763812466990202665e-04
4.762256867252290249e-04
4.762180324178189039e-04
4.757868591696023941e-04
4.764510376844555140e-04
4.767244099639356136e-04
4.769312799908220768e-04
4.768452199641615152e-04
4.767386417370289564e-04
4.770846571773290634e-04
4.756395937874913216e-04
4.760285664815455675e-04
4.748476203531026840e-04
4.760843294207006693e-04
4.754438123200088739e-04
4.763134638778865337e-04
4.765010671690106392e-04
4.764444311149418354e-04
4.763889301102608442e-04
4.752142122015357018e-04
4.756961134262382984e-04
4.751663072966039181e-04
4.761668678838759661e-04
4.759977164212614298e-04
4.756813577841967344e-04
4.756670095957815647e-04
4.758540599141269922e-04
4.775365814566612244e-04
4.768495273310691118e-04
4.785111232195049524e-04
4.777827125508338213e-04
4.785737837664783001e-04
4.778007860295474529e-04
4.782477626577019691e-04
4.754765250254422426e-04
4.764878249261528254e-04
4.774756089318543673e-04
4.770365776494145393e-04
4.753372923005372286e-04
4.753346729557961226e-04
4.743715398944914341e-04
4.764400364365428686e-04
4.763387842103838921e-04
4.776181885972619057e-04
4.744188045151531696e-04
4.752241366077214479e-04
4.748530627693980932e-04
4.771144886035472155e-04
4.780709277838468552e-04
4.778721195179969072e-04
4.796598805114626884e-04
4.762177995871752501e-04
4.790284729097038507e-04
4.741544544231146574e-04
4.745495389215648174e-04
4.750515217892825603e-04
4.748200881294906139e-04
4.757790593430399895e-04
4.740261647384613752e-04
4.751151718664914370e-04
4.756971029564738274e-04
4.739968280773609877e-04
4.754823748953640461e-04
4.744995385408401489e-04
4.744924663100391626e-04
4.766956262756139040e-04
4.769788356497883797e-04
4.765249905176460743e-04
4.753931134473532438e-04
4.759263538289815187e-04
4.764717596117407084e-04
4.749268118757754564e-04
4.767485661432147026e-04
4.757934075314551592e-04
4.767440259456634521e-04
4.757903807330876589e-04
4.776462155859917402e-04
4.736703122034668922e-04
4.745985497720539570e-04
4.748353967443108559e-04
4.765863413922488689e-04
4.747200873680412769e-04
4.763250472024083138e-04
4.760096198879182339e-04
4.765394260175526142e-04
4.763475153595209122e-04
4.767621285282075405e-04
4.764645127579569817e-04
4.771438834723085165e-04
4.763789766002446413e-04
4.765777557622641325e-04
4.753707617055624723e-04
4.758716677315533161e-04
4.757173010148108006e-04
4.767753416672348976e-04
4.766418132930994034e-04
4.760703595820814371e-04
4.766257479786872864e-04
4.759485600516200066e-04
4.755672125611454248e-04
4.760379088111221790e-04
4.764162586070597172e-04
4.767316859215497971e-04
4.754988767672330141e-04
4.759685252793133259e-04
4.763919860124588013e-04
4.783356562256813049e-04
4.788720689248293638e-04
4.781135066878050566e-04
4.776605055667459965e-04
4.774230183102190495e-04
4.759741132147610188e-04
4.777253197971731424e-04
4.764750483445823193e-04
4.789122031070291996e-04
4.759985313285142183e-04
4.790164239238947630e-04
4.757102578878402710e-04
4.770473460666835308e-04
4.772292741108685732e-04
4.754529509227722883e-04
4.787458456121385098e-04
4.781694733537733555e-04
4.803463816642761230e-04
4.810784594155848026e-04
4.794820561073720455e-04
4.820908070541918278e-04
4.767093341797590256e-04
4.785800410900264978e-04
4.780436574947088957e-04
4.739336436614394188e-04
4.721758887171745300e-04
4.711961955763399601e-04
4.758274008054286242e-04
4.736508417408913374e-04
4.781948227901011705e-04
4.735393740702420473e-04
4.749566433019936085e-04
4.725975159090012312e-04
4.742819583043456078e-04
4.758602008223533630e-04
4.769419902004301548e-04
4.753815301228314638e-04
4.757944261655211449e-04
4.756400303449481726e-04
4.755068221129477024e-04
4.756740527227520943e-04
4.769588413182646036e-04
4.783084441442042589e-04
4.772265092469751835e-04
4.775931301992386580e-04
4.751508240588009357e-04
4.771082312799990177e-04
4.768822109326720238e-04
4.779499140568077564e-04
4.772242973558604717e-04
4.767434729728847742e-04
4.770336672663688660e-04
4.770501400344073772e-04
4.775532288476824760e-04
4.765227204188704491e-04
4.766416677739471197e-04
4.770447558257728815e-04
4.760297597385942936e-04
4.762389289680868387e-04
4.768233047798275948e-04
4.756900016218423843e-04
4.757170972879976034e-04
4.759630537591874599e-04
4.762438766192644835e-04
4.758611321449279785e-04
4.757430579047650099e-04
4.754194815177470446e-04
4.755060654133558273e-04
4.761556920129805803e-04
4.761359305121004581e-04
4.762720782309770584e-04
4.763399483636021614e-04
4.757707356475293636e-04
4.764308687299489975e-04
4.759375296998769045e-04
4.758197173941880465e-04
4.766357596963644028e-04
4.763184406328946352e-04
4.771989188157021999e-04
4.753367393277585506e-04
4.759474250022321939e-04
4.755507397931069136e-04
4.756736452691257000e-04
4.762124153785407543e-04
4.763639881275594234e-04
4.771173116751015186e-04
4.768233629874885082e-04
4.769021470565348864e-04
4.768242069985717535e-04
4.764484474435448647e-04
4.770152154378592968e-04
4.758138675242662430e-04
4.761384916491806507e-04
4.761009768117219210e-04
4.763798788189888000e-04
4.763576143886893988e-04
4.766313068103045225e-04
4.768949875142425299e-04
4.766105848830193281e-04
4.770986852236092091e-04
4.765067424159497023e-04
4.765516787301748991e-04
4.771262465510517359e-04
4.768715298268944025e-04
4.769702791236341000e-04
4.772254906129091978e-04
4.770185332745313644e-04
4.768353246618062258e-04
4.765682388097047806e-04
4.766146885231137276e-04
4.766170459333807230e-04
4.770518862642347813e-04
4.764518525917083025e-04
4.763695178553462029e-04
4.762127355206757784e-04
4.761977470479905605e-04
4.765968769788742065e-04
4.762318858411163092e-04
4.762541502714157104e-04
4.764474288094788790e-04
4.762319731526076794e-04
4.763562756124883890e-04
4.763172182720154524e-04
4.769089282490313053e-04
4.759645380545407534e-04
4.761574091389775276e-04
4.752899403683841228e-04
4.765377088915556669e-04
4.760742012877017260e-04
4.777022404596209526e-04
4.772788088303059340e-04
4.765430639963597059e-04
4.758540890179574490e-04
4.764861078001558781e-04
4.765133780892938375e-04
4.776203713845461607e-04
4.753100802190601826e-04
4.759347357321530581e-04
4.755257978104054928e-04
4.755841218866407871e-04
4.773349792230874300e-04
4.766285128425806761e-04
4.773961845785379410e-04
4.764993209391832352e-04
4.771841631736606359e-04
4.772389656864106655e-04
4.771605890709906816e-04
4.769436491187661886e-04
4.761628806591033936e-04
4.764196055475622416e-04
4.767111386172473431e-04
4.758841823786497116e-04
4.759802832268178463e-04
4.754116234835237265e-04
4.755008849315345287e-04
4.752990498673170805e-04
4.766180063597857952e-04
4.760143056046217680e-04
4.762847092933952808e-04
4.759281873703002930e-04
4.763765318784862757e-04
4.761567979585379362e-04
4.769644583575427532e-04
4.767713835462927818e-04
4.765524645335972309e-04
4.765521734952926636e-04
4.763652686960995197e-04
4.764535697177052498e-04
4.752978566102683544e-04
4.766976926475763321e-04
4.769064253196120262e-04
4.773964756168425083e-04
4.761740274261683226e-04
4.765184712596237659e-04
4.769413790199905634e-04
4.760824085678905249e-04
4.754619440063834190e-04
4.762171884067356586e-04
4.760080773849040270e-04
4.759358707815408707e-04
4.764021141454577446e-04
4.760784213431179523e-04
4.780524468515068293e-04
4.778506699949502945e-04
4.776420537382364273e-04
4.746317281387746334e-04
4.783724725712090731e-04
4.763238830491900444e-04
4.794126725755631924e-04
4.772986867465078831e-04
4.827241064049303532e-04
4.763988545164465904e-04
4.735358816105872393e-04
4.787366196978837252e-04
4.707416810560971498e-04
4.739735159091651440e-04
4.733673704322427511e-04
4.775878041982650757e-04
4.772251995746046305e-04
4.815053544007241726e-04
4.780420567840337753e-04
4.786385397892445326e-04
4.738141433335840702e-04
4.778227303177118301e-04
4.768640792462974787e-04
4.800744936801493168e-04
4.799970483873039484e-04
4.774037515744566917e-04
4.764234763570129871e-04
4.775451670866459608e-04
4.778264265041798353e-04
4.776559071615338326e-04
4.773820983245968819e-04
4.761217278428375721e-04
4.756956477649509907e-04
4.758719296660274267e-04
4.770560190081596375e-04
4.757113056257367134e-04
4.771069798152893782e-04
4.735492693725973368e-04
4.783621116075664759e-04
4.764921905007213354e-04
4.791251558344811201e-04
4.766322963405400515e-04
4.763269098475575447e-04
4.768393991980701685e-04
4.789690719917416573e-04
4.796572611667215824e-04
4.760173906106501818e-04
4.782829200848937035e-04
4.763027827721089125e-04
4.773686523549258709e-04
4.756665730383247137e-04
4.758277209475636482e-04
4.774059343617409468e-04
4.766770871356129646e-04
4.758142167702317238e-04
4.755609261337667704e-04
4.759412840940058231e-04
4.762695753015577793e-04
4.768660583067685366e-04
4.764592449646443129e-04
4.757325223181396723e-04
4.748120845761150122e-04
4.786665085703134537e-04
4.773031687363982201e-04
4.785558267030864954e-04
4.770362866111099720e-04
4.785878409165889025e-04
4.774128319695591927e-04
4.783375479746609926e-04
4.762466705869883299e-04
4.774505796376615763e-04
4.765925405081361532e-04
4.750198277179151773e-04
4.772462416440248489e-04
4.736044793389737606e-04
4.759587463922798634e-04
4.745924961753189564e-04
4.750449443235993385e-04
4.731850349344313145e-04
4.727566556539386511e-04
4.726848856080323458e-04
4.727607592940330505e-04
4.732257220894098282e-04
4.755333065986633301e-04
4.767893988173455000e-04
4.756630514748394489e-04
4.758124705404043198e-04
4.784339980687946081e-04
4.768061626236885786e-04
4.811387043446302414e-04
4.794738197233527899e-04
4.790107486769556999e-04
4.742506134789437056e-04
4.816006403416395187e-04
4.763804026879370213e-04
4.811067774426192045e-04
4.755047557409852743e-04
4.844495560973882675e-04
4.770618979819118977e-04
4.833715211134403944e-04
4.757019050884991884e-04
4.836402367800474167e-04
4.787132493220269680e-04
4.886831738986074924e-04
4.807299119420349598e-04
4.831219848711043596e-04
4.748356295749545097e-04
4.757729766424745321e-04
4.769079678226262331e-04
4.783685144502669573e-04
4.811171966139227152e-04
4.829030949622392654e-04
4.811953403986990452e-04
4.816731088794767857e-04
4.758444265462458134e-04
4.795439308509230614e-04
4.765513003803789616e-04
4.797229194082319736e-04
4.766630299855023623e-04
4.790692764800041914e-04
4.784112970810383558e-04
4.788151127286255360e-04
4.776091082021594048e-04
4.729161155410110950e-04
4.708633641712367535e-04
4.757741990033537149e-04
4.765887279063463211e-04
4.771009844262152910e-04
4.762345633935183287e-04
4.769561928696930408e-04
4.766449856106191874e-04
4.766024067066609859e-04
4.768723738379776478e-04
4.756816197186708450e-04
4.752195673063397408e-04
4.749490472022444010e-04
4.759363655466586351e-04
4.761137824971228838e-04
4.773142572958022356e-04
4.774192639160901308e-04
4.768157377839088440e-04
4.772280517499893904e-04
4.766944330185651779e-04
4.763820325024425983e-04
4.760215524584054947e-04
4.756688722409307957e-04
4.766081692650914192e-04
4.759121220558881760e-04
4.768469952978193760e-04
4.764833429362624884e-04
4.768556973431259394e-04
4.770588711835443974e-04
4.767240316141396761e-04
4.760088631883263588e-04
4.762559838127344847e-04
4.757782153319567442e-04
4.764611658174544573e-04
4.756108392030000687e-04
4.765837220475077629e-04
4.760936135426163673e-04
4.761955060530453920e-04
4.760980082210153341e-04
4.761383461300283670e-04
4.762584867421537638e-04
4.761385789606720209e-04
4.765819176100194454e-04
4.765599151141941547e-04
4.765910271089524031e-04
4.769553488586097956e-04
4.771146050188690424e-04
4.766903875861316919e-04
4.767863138113170862e-04
4.761365416925400496e-04
4.759791772812604904e-04
4.761848831549286842e-04
4.762267344631254673e-04
4.751539672724902630e-04
4.763820907101035118e-04
4.755139234475791454e-04
4.761836316902190447e-04
4.761115706060081720e-04
4.758573486469686031e-04
4.752629611175507307e-04
4.764494660776108503e-04
4.763368051499128342e-04
4.770383238792419434e-04
4.765435005538165569e-04
4.761244927067309618e-04
4.762041498906910419e-04
4.758731811307370663e-04
4.759596777148544788e-04
4.761691670864820480e-04
4.762070020660758018e-04
4.768584913108497858e-04
4.767588688991963863e-04
4.766054626088589430e-04
4.765491758007556200e-04
4.763286560773849487e-04
4.762691096402704716e-04
4.762193129863590002e-04
4.762442549690604210e-04
4.764478362631052732e-04
4.762694006785750389e-04
4.761986783705651760e-04
4.766015917994081974e-04
4.771567764692008495e-04
4.767979553434997797e-04
4.770127707161009312e-04
4.763736214954406023e-04
4.764944023918360472e-04
4.768367507494986057e-04
4.764963814523071051e-04
4.759615985676646233e-04
4.769684164784848690e-04
4.758726281579583883e-04
4.772666725330054760e-04
4.756599664688110352e-04
4.761089512612670660e-04
4.758634313475340605e-04
4.769997322000563145e-04
4.767210921272635460e-04
4.765821504406630993e-04
4.751632804982364178e-04
4.759124713018536568e-04
4.759970761369913816e-04
4.763738834299147129e-04
4.763718170579522848e-04
4.771008389070630074e-04
4.766322963405400515e-04
4.778913862537592649e-04
4.765242047142237425e-04
4.765996418427675962e-04
4.761552554555237293e-04
4.764360201079398394e-04
4.761412565130740404e-04
4.770150408148765564e-04
4.762274620588868856e-04
4.770341911353170872e-04
4.768799699377268553e-04
4.768515645992010832e-04
4.769880906678736210e-04
4.763521428685635328e-04
4.769423976540565491e-04
4.766942874994128942e-04
4.761384334415197372e-04
4.758210561703890562e-04
4.766242054756730795e-04
4.764711193274706602e-04
4.762336320709437132e-04
4.766747006215155125e-04
4.771294188685715199e-04
4.775565757881850004e-04
4.766378551721572876e-04
4.766347119584679604e-04
4.762120661325752735e-04
4.767869831994175911e-04
4.763779579661786556e-04
4.761360760312527418e-04
4.766133206430822611e-04
4.762986209243535995e-04
4.766567435581237078e-04
4.763141914736479521e-04
4.762612225022166967e-04
4.765733319800347090e-04
4.763145698234438896e-04
4.763537144754081964e-04
4.758395371027290821e-04
4.763934703078120947e-04
4.764889308717101812e-04
4.768971703015267849e-04
4.771124804392457008e-04
4.764522600453346968e-04
4.762711469084024429e-04
4.763507167808711529e-04
4.765007179230451584e-04
4.767038917634636164e-04
4.768654471263289452e-04
4.766449274029582739e-04
4.765678895637392998e-04
4.764119512401521206e-04
4.759176226798444986e-04
4.768828803207725286e-04
4.764380282722413540e-04
4.763380275107920170e-04
4.762680327985435724e-04
4.763559554703533649e-04
4.768321814481168985e-04
4.767391947098076344e-04
4.760994925163686275e-04
4.759677976835519075e-04
4.767965292558073997e-04
4.765062476508319378e-04
4.768426879309117794e-04
4.764400364365428686e-04
4.766848578583449125e-04
4.761808086186647415e-04
4.765568301081657410e-04
4.763761826325207949e-04
4.772165266331285238e-04
4.767107602674514055e-04
4.766123311128467321e-04
4.760611918754875660e-04
4.763625620398670435e-04
4.761573509313166142e-04
4.764537443406879902e-04
4.755019326694309711e-04
4.758175346069037914e-04
4.752886889036744833e-04
4.760917800012975931e-04
4.756491398438811302e-04
4.763516772072762251e-04
4.762609896715730429e-04
4.772414104081690311e-04
4.755269910674542189e-04
4.766786005347967148e-04
4.762631142511963844e-04
4.767374775838106871e-04
4.762287426274269819e-04
4.772210959345102310e-04
4.758379363920539618e-04
4.775269189849495888e-04
4.764462064485996962e-04
4.772770043928176165e-04
4.760760639328509569e-04
4.767943755723536015e-04
4.749653162434697151e-04
4.768922808580100536e-04
4.748676146846264601e-04
4.756219568662345409e-04
4.749171494040638208e-04
4.771664389409124851e-04
4.758906434290111065e-04
4.773518012370914221e-04
4.770895175170153379e-04
4.775580891873687506e-04
4.774356784764677286e-04
4.775764537043869495e-04
4.779015725944191217e-04
4.786554782185703516e-04
4.770646628458052874e-04
4.762593889608979225e-04
4.770333762280642986e-04
4.769333172589540482e-04
4.763348551932722330e-04
4.756876442115753889e-04
4.745349287986755371e-04
4.759873554576188326e-04
4.774191475007683039e-04
4.775040724780410528e-04
4.780856252182275057e-04
4.767173377331346273e-04
4.761962045449763536e-04
4.753834509756416082e-04
4.764690238516777754e-04
4.769286024384200573e-04
4.767795908264815807e-04
4.767117497976869345e-04
4.763789766002446413e-04
4.764581972267478704e-04
4.761424497701227665e-04
4.755647387355566025e-04
4.759014409501105547e-04
4.762281314469873905e-04
4.765411140397191048e-04
4.761491436511278152e-04
4.761099698953330517e-04
4.762358148582279682e-04
4.760701558552682400e-04
4.764065670315176249e-04
4.768867511302232742e-04
4.773656546603888273e-04
4.777657159138470888e-04
4.766837228089570999e-04
4.761397140100598335e-04
4.756851703859865665e-04
4.766914935316890478e-04
4.765660269185900688e-04
4.768303770106285810e-04
4.772804095409810543e-04
4.771154199261218309e-04
4.767067439388483763e-04
4.763070610351860523e-04
4.762660246342420578e-04
4.769778170157223940e-04
4.767759819515049458e-04
4.763924807775765657e-04
4.766071506310254335e-04
4.765261837746948004e-04
4.767818609252572060e-04
4.767124482896178961e-04
4.770056111738085747e-04
4.767782811541110277e-04
4.765534540638327599e-04
4.764935001730918884e-04
4.764317127410322428e-04
4.763485048897564411e-04
4.763448669109493494e-04
4.765635530930012465e-04
4.766797064803540707e-04
4.763997858390212059e-04
4.765778721775859594e-04
4.767259815707802773e-04
4.768171638716012239e-04
4.765518533531576395e-04
4.765648045577108860e-04
4.762474563904106617e-04
4.764909390360116959e-04
4.762020544148981571e-04
4.765219928231090307e-04
4.763169563375413418e-04
4.764568002428859472e-04
4.760572337545454502e-04
4.763368051499128342e-04
4.766639322042465210e-04
4.762762982863932848e-04
4.762762109749019146e-04
4.761298478115350008e-04
4.763141041621565819e-04
4.766917845699936152e-04
4.761716118082404137e-04
4.757599381264299154e-04
4.764686163980513811e-04
4.767481295857578516e-04
4.766926285810768604e-04
4.758730065077543259e-04
4.762962635140866041e-04
4.761757154483348131e-04
4.766681813634932041e-04
4.762667522300034761e-04
4.764960904140025377e-04
4.766070051118731499e-04
4.766502534039318562e-04
4.765658813994377851e-04
4.765488265547901392e-04
4.767496138811111450e-04
4.768929502461105585e-04
4.771451931446790695e-04
4.770509258378297091e-04
4.774778790306299925e-04
4.773706314153969288e-04
4.770324449054896832e-04
4.775480774696916342e-04
4.778070724569261074e-04
4.772569518536329269e-04
4.769909137394279242e-04
4.763182951137423515e-04
4.765546764247119427e-04
4.761238233186304569e-04
4.754773690365254879e-04
4.762840399052947760e-04
4.761334857903420925e-04
4.766508063767105341e-04
4.759636940434575081e-04
4.763583710882812738e-04
4.767198988702148199e-04
4.769584338646382093e-04
4.763151227962225676e-04
4.773092805407941341e-04
4.776288988068699837e-04
4.778584989253431559e-04
4.769435035996139050e-04
4.767490318045020103e-04
4.756732960231602192e-04
4.768512444570660591e-04
4.758022841997444630e-04
4.765958583448082209e-04
4.760197771247476339e-04
4.775468551088124514e-04
4.781775642186403275e-04
4.766934434883296490e-04
4.763566539622843266e-04
4.764224286191165447e-04
4.765564517583698034e-04
4.763583710882812738e-04
4.763029864989221096e-04
4.766014171764254570e-04
4.766733618453145027e-04
4.754685214720666409e-04
4.758802533615380526e-04
4.757263814099133015e-04
4.766096244566142559e-04
4.752635722979903221e-04
4.758497234433889389e-04
4.754088004119694233e-04
4.767423961311578751e-04
4.764909099321812391e-04
4.768666694872081280e-04
4.765961784869432449e-04
4.765569465234875679e-04
4.769521183334290981e-04
4.759207949973642826e-04
4.762407916132360697e-04
4.762995231430977583e-04
4.768774379044771194e-04
4.762198950629681349e-04
4.765941121149808168e-04
4.762785392813384533e-04
4.767550271935760975e-04
4.769397783093154430e-04
4.767306963913142681e-04
4.769420484080910683e-04
4.778506408911198378e-04
4.779035516548901796e-04
4.768517683260142803e-04
4.768457438331097364e-04
4.762392782140523195e-04
4.768223443534225225e-04
4.768423968926072121e-04
4.766424244735389948e-04
4.764780751429498196e-04
4.759829607792198658e-04
4.760545562021434307e-04
4.766477504745125771e-04
4.765081976074725389e-04
4.762332537211477757e-04
4.772097454406321049e-04
4.764434124808758497e-04
4.770115774590522051e-04
4.762008320540189743e-04
4.766406491398811340e-04
4.768679209519177675e-04
4.767569771502166986e-04
4.773444961756467819e-04
4.770155646838247776e-04
4.764806653838604689e-04
4.770444647874683142e-04
4.763935285154730082e-04
4.767584323417395353e-04
4.765804624184966087e-04
4.761628224514424801e-04
4.751485539600253105e-04
4.764919867739081383e-04
4.761297313962131739e-04
4.768906801473349333e-04
4.751663072966039181e-04
4.758458235301077366e-04
4.745036130771040916e-04
4.760624142363667488e-04
4.757990536745637655e-04
4.767191712744534016e-04
4.751548985950648785e-04
4.764938203152269125e-04
4.763703909702599049e-04
4.776504647452384233e-04
4.764455661643296480e-04
4.767531645484268665e-04
4.767253121826797724e-04
4.768552607856690884e-04
4.767366917803883553e-04
4.769614606630057096e-04
4.766380880028009415e-04
4.768086946569383144e-04
4.776293935719877481e-04
4.767623031511902809e-04
4.763754841405898333e-04
4.762273456435650587e-04
4.763646284118294716e-04
4.762700409628450871e-04
4.764712648466229439e-04
4.761832824442535639e-04
4.759763542097061872e-04
4.759323492180556059e-04
4.764372715726494789e-04
4.762833123095333576e-04
4.766320053022354841e-04
4.762016760651022196e-04
4.765084013342857361e-04
4.773800319526344538e-04
4.767048230860382318e-04
4.768692597281187773e-04
4.761461459565907717e-04
4.763009492307901382e-04
4.763886390719562769e-04
4.766647762153297663e-04
4.767778737004846334e-04
4.764248151332139969e-04
4.763968463521450758e-04
4.760797601193189621e-04
4.764811310451477766e-04
4.759333387482911348e-04
4.765697522088885307e-04
4.760038573294878006e-04
4.761514137499034405e-04
4.760772571898996830e-04
4.762758326251059771e-04
4.762303724419325590e-04
4.766860220115631819e-04
4.767242062371224165e-04
4.768884682562202215e-04
4.773887922056019306e-04
4.769479273818433285e-04
4.771546518895775080e-04
4.760095034725964069e-04
4.760399169754236937e-04
4.755286499857902527e-04
4.761458549182862043e-04
4.769254301209002733e-04
4.764557525049895048e-04
4.764560144394636154e-04
4.769925726577639580e-04
4.761904419865459204e-04
4.761207383126020432e-04
4.766080819536000490e-04
4.766986239701509476e-04
4.766841011587530375e-04
4.762843600474298000e-04
4.764656769111752510e-04
4.756031557917594910e-04
4.760144220199435949e-04
4.757813585456460714e-04
4.763115430250763893e-04
4.766277270391583443e-04
4.764804616570472717e-04
4.765851772390305996e-04
4.762898315675556660e-04
4.753426474053412676e-04
4.764103214256465435e-04
4.773435066454112530e-04
4.769805527757853270e-04
4.766664933413267136e-04
4.769005463458597660e-04
4.757728311233222485e-04
4.754864203277975321e-04
4.748189530801028013e-04
4.759877338074147701e-04
4.753673565573990345e-04
4.743170575238764286e-04
4.766368074342608452e-04
4.761423042509704828e-04
4.761078453157097101e-04
4.748063220176845789e-04
4.759667790494859219e-04
4.771919630002230406e-04
4.758544382639229298e-04
4.760757146868854761e-04
4.759803414344787598e-04
4.759667790494859219e-04
4.756118578370660543e-04
4.758164577651768923e-04
4.770575033035129309e-04
4.763559263665229082e-04
4.763573524542152882e-04
4.768584913108497858e-04
4.760538577102124691e-04
4.769670194946229458e-04
4.758092400152236223e-04
4.764339246321469545e-04
4.760749870911240578e-04
4.766229249071329832e-04
4.768789804074913263e-04
4.768797371070832014e-04
4.773577093146741390e-04
4.770972300320863724e-04
4.778162692673504353e-04
4.772426036652177572e-04
4.768409999087452888e-04
4.766602069139480591e-04
4.765504854731261730e-04
4.762536264024674892e-04
4.765843332279473543e-04
4.766022320836782455e-04
4.767415521200746298e-04
4.764620971400290728e-04
4.760652955155819654e-04
4.757231217809021473e-04
4.760873853228986263e-04
4.758140712510794401e-04
4.767687642015516758e-04
4.762767930515110493e-04
4.771375679410994053e-04
4.775862325914204121e-04
4.775468260049819946e-04
4.792949184775352478e-04
4.789990489371120930e-04
4.787232901435345411e-04
4.784934862982481718e-04
4.778173461090773344e-04
4.761672462336719036e-04
4.757274582516402006e-04
4.755178233608603477e-04
4.753405519295483828e-04
4.757189890369772911e-04
4.764875338878482580e-04
4.771900130435824394e-04
4.771540698129683733e-04
4.763864562846720219e-04
4.768084036186337471e-04
4.768208891618996859e-04
4.765801713801920414e-04
4.763099132105708122e-04
4.760563897434622049e-04
4.764845944009721279e-04
4.762782482430338860e-04
4.764658515341579914e-04
4.757668648380786180e-04
4.767977225128561258e-04
4.768093349412083626e-04
4.768139915540814400e-04
4.768824146594852209e-04
4.763087199535220861e-04
4.763953329529613256e-04
4.763230972457677126e-04
4.769990337081253529e-04
4.766590136568993330e-04
4.764522018376737833e-04
4.763540928252041340e-04
4.763473116327077150e-04
4.767247010022401810e-04
4.773595428559929132e-04
4.764879413414746523e-04
4.765929479617625475e-04
4.764333134517073631e-04
4.766760102938860655e-04
4.768105281982570887e-04
4.765693156514316797e-04
4.768087237607687712e-04
4.765618359670042992e-04
4.768063663505017757e-04
4.767658538185060024e-04
4.766748461406677961e-04
4.772642569150775671e-04
4.765800549648702145e-04
4.767841019202023745e-04
4.761027230415493250e-04
4.762659082189202309e-04
4.764530749525874853e-04
4.763824399560689926e-04
4.765750782098621130e-04
4.763700708281248808e-04
4.766708298120647669e-04
4.768435901496559381e-04
4.767148348037153482e-04
4.763150354847311974e-04
4.766671336255967617e-04
4.765061021316796541e-04
4.764728946611285210e-04
4.758032155223190784e-04
4.760173032991588116e-04
4.761930322274565697e-04
4.760387819260358810e-04
4.764528712257742882e-04
4.764884361065924168e-04
4.765331686940044165e-04
4.767446953337639570e-04
4.763632314279675484e-04
4.766756610479205847e-04
4.765980411320924759e-04
4.766659112647175789e-04
4.764340119436383247e-04
4.764802288264036179e-04
4.765260382555425167e-04
4.766397178173065186e-04
4.764904733747243881e-04
4.765733028762042522e-04
4.768081707879900932e-04
4.769654478877782822e-04
4.769930965267121792e-04
4.766304919030517340e-04
4.760544397868216038e-04
4.764442273881286383e-04
4.761791497003287077e-04
4.760857846122235060e-04
4.765185585711151361e-04
4.771508974954485893e-04
4.775748529937118292e-04
4.766918136738240719e-04
4.768511280417442322e-04
4.760997544508427382e-04
4.764909099321812391e-04
4.769471415784209967e-04
4.762837197631597519e-04
4.757663991767913103e-04
4.756997514050453901e-04
4.761392192449420691e-04
4.760022566188126802e-04
4.764477489516139030e-04
4.767496429849416018e-04
4.771295934915542603e-04
4.767282516695559025e-04
4.767090140376240015e-04
4.763176548294723034e-04
4.762378812301903963e-04
4.765079647768288851e-04
4.766576748806983232e-04
4.765484773088246584e-04
4.763963806908577681e-04
4.760832816828042269e-04
4.763901233673095703e-04
4.768396902363747358e-04
4.764120385516434908e-04
4.763334291055798531e-04
4.778107104357331991e-04
4.772326210513710976e-04
4.780600720550864935e-04
4.780083545483648777e-04
4.777236608788371086e-04
4.772706306539475918e-04
4.751667147502303123e-04
4.770594241563230753e-04
4.755033878609538078e-04
4.756251000799238682e-04
4.761214950121939182e-04
4.759353469125926495e-04
4.763425095006823540e-04
4.767847713083028793e-04
4.759088915307074785e-04
4.756879934575408697e-04
4.772907122969627380e-04
4.762121243402361870e-04
4.771284293383359909e-04
4.758326685987412930e-04
4.762692260555922985e-04
4.762220487464219332e-04
4.765894263982772827e-04
4.762604075949639082e-04
4.768427752424031496e-04
4.763868055306375027e-04
4.768255748786032200e-04
4.758505383506417274e-04
4.769852967001497746e-04
4.759258881676942110e-04
4.766894271597266197e-04
4.757897404488176107e-04
4.767468781210482121e-04
4.761611926369369030e-04
4.759894218295812607e-04
4.763157048728317022e-04
4.765149205923080444e-04
4.760967858601361513e-04
4.760936135426163673e-04
4.757220740430057049e-04
4.755387199111282825e-04
4.752178792841732502e-04
4.754232359118759632e-04
4.752216045744717121e-04
4.759394796565175056e-04
4.759349685627967119e-04
4.762957396451383829e-04
4.769868974108248949e-04
4.763313627336174250e-04
4.762378230225294828e-04
4.763526085298508406e-04
4.768227809108793736e-04
4.760985320899635553e-04
4.762164899148046970e-04
4.765453631989657879e-04
4.762988246511667967e-04
4.767087521031498909e-04
4.756755661219358444e-04
4.757421847898513079e-04
4.752266104333102703e-04
4.757998976856470108e-04
4.764681216329336166e-04
4.761489399243146181e-04
4.765505145769566298e-04
4.762368916999548674e-04
4.766506899613887072e-04
4.765460616908967495e-04
4.764158511534333229e-04
4.766741185449063778e-04
4.767253994941711426e-04
4.768515645992010832e-04
4.766558122355490923e-04
4.763790057040750980e-04
4.763906472362577915e-04
4.765186167787760496e-04
4.770898376591503620e-04
4.768609942402690649e-04
4.766947822645306587e-04
4.768600629176944494e-04
4.768598591908812523e-04
4.766194615513086319e-04
4.766396887134760618e-04
4.766513302456587553e-04
4.768558137584477663e-04
4.762519674841314554e-04
4.761325253639370203e-04
4.762323806062340736e-04
4.758093855343759060e-04
4.760563897434622049e-04
4.762908210977911949e-04
4.766429483424872160e-04
4.761099698953330517e-04
4.765008634421974421e-04
4.759960575029253960e-04
4.764685290865600109e-04
4.763329343404620886e-04
4.772683023475110531e-04
4.767793288920074701e-04
4.784151678904891014e-04
4.770671657752245665e-04
4.769810184370726347e-04
4.768998478539288044e-04
4.762333410326391459e-04
4.768336075358092785e-04
4.772983957082033157e-04
4.766641068272292614e-04
4.764161712955683470e-04
4.766050842590630054e-04
4.766675701830536127e-04
4.763182951137423515e-04
4.780885647051036358e-04
4.778583243023604155e-04
4.769921943079680204e-04
4.771684471052139997e-04
4.767531063407659531e-04
4.781970055773854256e-04
4.777426074724644423e-04
4.757478018291294575e-04
4.764461191371083260e-04
4.753353132400661707e-04
4.758482100442051888e-04
4.756692796945571899e-04
4.766039783135056496e-04
4.759271687362343073e-04
4.765785997733473778e-04
4.759316507261246443e-04
4.762357275467365980e-04
4.761850577779114246e-04
4.767609643749892712e-04
4.770798841491341591e-04
4.762254829984158278e-04
4.760070005431771278e-04
4.768178332597017288e-04
4.776745336130261421e-04
4.773744731210172176e-04
4.767942300532013178e-04
4.769068909808993340e-04
4.766192287206649780e-04
4.766006313730031252e-04
4.768962680827826262e-04
4.768877115566283464e-04
4.770822706632316113e-04
4.764243494719266891e-04
4.766553174704313278e-04
4.765927151311188936e-04
4.775101842824369669e-04
4.770182713400572538e-04
4.774427507072687149e-04
4.770846280734986067e-04
4.768792423419654369e-04
4.765099147334694862e-04
4.771846579387784004e-04
4.768515645992010832e-04
4.766741185449063778e-04
4.765255143865942955e-04
4.763885517604649067e-04
4.766329075209796429e-04
4.769193474203348160e-04
4.764201876241713762e-04
4.764745535794645548e-04
4.760479496326297522e-04
4.766339552588760853e-04
4.766405618283897638e-04
4.766723141074180603e-04
4.764990590047091246e-04
4.763956239912658930e-04
4.766601487062871456e-04
4.766436177305877209e-04
4.769155057147145271e-04
4.769309016410261393e-04
4.772571264766156673e-04
4.769033112097531557e-04
4.770236555486917496e-04
4.766814236063510180e-04
4.768176877405494452e-04
4.765722260344773531e-04
4.771936510223895311e-04
4.764988843817263842e-04
4.768324433825910091e-04
4.764866316691040993e-04
4.766227211803197861e-04
4.763603501487523317e-04
4.767362261191010475e-04
4.767734790220856667e-04
4.765289777424186468e-04
4.765948106069117785e-04
4.765214689541608095e-04
4.768478102050721645e-04
4.766357305925339460e-04
4.768864309880882502e-04
4.765891644638031721e-04
4.766734782606363297e-04
4.763168399222195148e-04
4.766533093061298132e-04
4.766863712575286627e-04
4.766335769090801477e-04
4.769777006004005671e-04
4.766344500239938498e-04
4.768648941535502672e-04
4.770817467942833900e-04
4.765801713801920414e-04
4.761744639836251736e-04
4.763259785249829292e-04
4.766007768921554089e-04
4.761050513479858637e-04
4.760888696182519197e-04
4.760110168717801571e-04
4.764269397128373384e-04
4.771245876327157021e-04
4.766987112816423178e-04
4.771765088662505150e-04
4.768720536958426237e-04
4.764012992382049561e-04
4.762401804327964783e-04
4.762857570312917233e-04
4.763411125168204308e-04
4.766494384966790676e-04
4.763226606883108616e-04
4.767955688294023275e-04
4.767644277308136225e-04
4.766420170199126005e-04
4.767614009324461222e-04
4.767358477693051100e-04
4.766445781569927931e-04
4.763193719554692507e-04
4.764345649164170027e-04
4.768853832501918077e-04
4.764714685734361410e-04
4.769764782395213842e-04
4.769085498992353678e-04
4.772430402226746082e-04
4.760247538797557354e-04
4.761967575177550316e-04
4.761044692713767290e-04
4.763607576023787260e-04
4.749736690428107977e-04
4.755569971166551113e-04
4.762117168866097927e-04
4.766720812767744064e-04
4.766843339893966913e-04
4.766837810166180134e-04
4.767450736835598946e-04
4.772393149323761463e-04
4.767584905494004488e-04
4.770146333612501621e-04
4.764284240081906319e-04
4.765641060657799244e-04
4.766316269524395466e-04
4.767779610119760036e-04
4.778031725436449051e-04
4.770445812027901411e-04
4.782449977938085794e-04
4.759408766403794289e-04
4.777229041792452335e-04
4.765621270053088665e-04
4.765056655742228031e-04
4.758849099744111300e-04
4.766315396409481764e-04
4.767664067912846804e-04
4.772534011863172054e-04
4.769724910147488117e-04
4.771749954670667648e-04
4.767025238834321499e-04
4.774756962433457375e-04
4.770222876686602831e-04
4.771380918100476265e-04
4.774730768986046314e-04
4.769913211930543184e-04
4.771839012391865253e-04
4.763804026879370213e-04
4.770233354065567255e-04
4.769121005665510893e-04
4.773937107529491186e-04
4.768312210217118263e-04
4.773180698975920677e-04
4.769765946548432112e-04
4.769776132889091969e-04
4.766042984556406736e-04
4.781040770467370749e-04
4.775852721650153399e-04
4.778766888193786144e-04
4.769045044668018818e-04
4.775809939019382000e-04
4.769037768710404634e-04
4.768091603182256222e-04
4.763161414302885532e-04
4.773685068357735872e-04
4.771592211909592152e-04
4.772813699673861265e-04
4.771890235133469105e-04
4.773023829329758883e-04
4.771348903886973858e-04
4.763818578794598579e-04
4.764515033457428217e-04
4.762787430081516504e-04
4.766160272993147373e-04
4.764623881783336401e-04
4.760105512104928493e-04
4.759222792927175760e-04
4.758689028676599264e-04
4.763228644151240587e-04
4.759455623570829630e-04
4.760084557346999645e-04
4.761565651278942823e-04
4.757354035973548889e-04
4.762455064337700605e-04
4.763199831359088421e-04
4.765194607898592949e-04
4.759837174788117409e-04
4.761713207699358463e-04
4.765701596625149250e-04
4.764608747791498899e-04
4.764226323459297419e-04
4.764804034493863583e-04
4.770141094923019409e-04
4.766923666466027498e-04
4.764843906741589308e-04
4.767561040353029966e-04
4.765808698721230030e-04
4.767371865455061197e-04
4.766784259118139744e-04
4.769137885887175798e-04
4.767185018863528967e-04
4.768412327393889427e-04
4.767233331222087145e-04
4.766534548252820969e-04
4.764812765643000603e-04
4.763000761158764362e-04
4.762616590596735477e-04
4.764434706885367632e-04
4.763503093272447586e-04
4.764589248225092888e-04
4.764668992720544338e-04
4.764782206621021032e-04
4.765783669427037239e-04
4.766088677570223808e-04
4.765020566992461681e-04
4.764074401464313269e-04
4.764620680361986160e-04
4.762556345667690039e-04
4.764535697177052498e-04
4.764704208355396986e-04
4.766650381498038769e-04
4.765472258441150188e-04
4.765915800817310810e-04
4.764578770846128464e-04
4.762908793054521084e-04
4.762111057061702013e-04
4.761878226418048143e-04
4.760594165418297052e-04
4.763224569614976645e-04
4.767443169839680195e-04
4.768640792462974787e-04
4.770875093527138233e-04
4.768933285959064960e-04
4.769386141560971737e-04
4.764299374073743820e-04
4.768002836499363184e-04
4.761728632729500532e-04
4.762886965181678534e-04
4.764032200910151005e-04
4.764616314787417650e-04
4.761689924634993076e-04
4.765318881254643202e-04
4.766613710671663284e-04
4.766229831147938967e-04
4.769189981743693352e-04
4.764078767038881779e-04
4.771096282638609409e-04
4.769091610796749592e-04
4.766733036376535892e-04
4.764769400935620070e-04
4.762739990837872028e-04
4.763636679854243994e-04
4.763767356052994728e-04
4.765059857163578272e-04
4.767325008288025856e-04
4.765629128087311983e-04
4.763923061545938253e-04
4.764873301610350609e-04
4.765601479448378086e-04
4.765840712934732437e-04
4.765583726111799479e-04
4.763541219290345907e-04
4.763599717989563942e-04
4.765048797708004713e-04
4.764872719533741474e-04
4.760455049108713865e-04
4.769238003063946962e-04
4.767176869791001081e-04
4.770761879626661539e-04
4.764694022014737129e-04
4.767318023368716240e-04
4.764751065522432327e-04
4.766379715874791145e-04
4.769085498992353678e-04
4.768414946738630533e-04
4.762948665302246809e-04
4.759707080665975809e-04
4.765740304719656706e-04
4.766046477016061544e-04
4.767919599544256926e-04
4.764761542901396751e-04
4.768171929754316807e-04
4.769554652739316225e-04
4.764285404235124588e-04
4.771217645611613989e-04
4.766590718645602465e-04
4.768041544593870640e-04
4.764146287925541401e-04
4.764139011967927217e-04
4.761846503242850304e-04
4.761548771057277918e-04
4.763071192428469658e-04
4.764153272844851017e-04
4.766279016621410847e-04
4.767322679981589317e-04
4.767449863720685244e-04
4.769582301378250122e-04
4.763373581226915121e-04
4.766792408190667629e-04
4.765685007441788912e-04
4.769126244354993105e-04
4.766590718645602465e-04
4.767329373862594366e-04
4.765257181134074926e-04
4.769519146066159010e-04
4.763866018038243055e-04
4.765804042108356953e-04
4.764522600453346968e-04
4.760561860166490078e-04
4.766717902384698391e-04
4.771363746840506792e-04
4.766194906551390886e-04
4.764015902765095234e-04
4.764599143527448177e-04
4.762620374094694853e-04
4.763743781950324774e-04
4.761311283800750971e-04
4.768203943967819214e-04
4.765255143865942955e-04
4.768538929056376219e-04
4.764347686432301998e-04
4.764091572724282742e-04
4.760052834171801805e-04
4.761599120683968067e-04
4.765810153912752867e-04
4.766306956298649311e-04
4.769299994222819805e-04
4.763789766002446413e-04
4.768754588440060616e-04
4.765256599057465792e-04
4.767092468682676554e-04
4.761809832416474819e-04
4.770115483552217484e-04
4.767855280078947544e-04
4.763839533552527428e-04
4.762067110277712345e-04
4.762842727359384298e-04
4.764353507198393345e-04
4.760504234582185745e-04
4.767227219417691231e-04
4.769953666254878044e-04
4.768490034621208906e-04
4.770050873048603535e-04
4.766541242133826017e-04
4.768389335367828608e-04
4.765536577906459570e-04
4.770972009282559156e-04
4.766744968947023153e-04
4.767269711010158062e-04
4.765833436977118254e-04
4.766018828377127647e-04
4.764425684697926044e-04
4.763644537888467312e-04
4.763903270941227674e-04
4.765667254105210304e-04
4.768812214024364948e-04
4.768045328091830015e-04
4.766912024933844805e-04
4.767657665070146322e-04
4.761987947858870029e-04
4.765528719872236252e-04
4.761485906783491373e-04
4.762987373396754265e-04
4.763169563375413418e-04
4.766280180774629116e-04
4.765079938806593418e-04
4.767876816913485527e-04
4.769079387187957764e-04
4.766347119584679604e-04
4.770567757077515125e-04
4.761103191412985325e-04
4.767840146087110043e-04
4.762081662192940712e-04
4.765639896504580975e-04
4.760912561323493719e-04
4.764161130879074335e-04
4.764911427628248930e-04
4.764627665281295776e-04
4.760458541568368673e-04
4.773516848217695951e-04
4.767894279211759567e-04
4.770426603499799967e-04
4.762292082887142897e-04
4.766737692989408970e-04
4.763065953738987446e-04
4.765907360706478357e-04
4.764733894262462854e-04
4.767104401253163815e-04
4.770286323036998510e-04
4.767643404193222523e-04
4.762580501846969128e-04
4.763553733937442303e-04
4.761968448292464018e-04
4.765941703226417303e-04
4.767051141243427992e-04
4.766180936712771654e-04
4.767376813106238842e-04
4.769542429130524397e-04
4.766416677739471197e-04
4.766076162923127413e-04
4.765307239722460508e-04
4.771736566908657551e-04
4.766318888869136572e-04
4.767101199831813574e-04
4.765392222907394171e-04
4.766630299855023623e-04
4.765424819197505713e-04
4.765920166391879320e-04
4.768983053509145975e-04
4.766372148878872395e-04
4.764350887853652239e-04
4.766496131196618080e-04
4.764564509969204664e-04
4.765854100696742535e-04
4.767130885738879442e-04
4.764332261402159929e-04
4.766788042616099119e-04
4.764462064485996962e-04
4.765221674460917711e-04
4.767358768731355667e-04
4.767172504216432571e-04
4.767607606481760740e-04
4.770400701090693474e-04
4.767584905494004488e-04
4.767023201566189528e-04
4.763801698572933674e-04
4.766475758515298367e-04
4.763415199704468250e-04
4.764771147165447474e-04
4.763158794958144426e-04
4.764343320857733488e-04
4.768268263433128595e-04
4.768308717757463455e-04
4.770090454258024693e-04
4.765176563523709774e-04
4.763346514664590359e-04
4.763327597174793482e-04
4.765328776556998491e-04
4.762486496474593878e-04
4.764123004861176014e-04
4.765438789036124945e-04
4.771780804730951786e-04
4.766205674968659878e-04
4.768462385982275009e-04
4.765580524690449238e-04
4.768579674419015646e-04
4.766961210407316685e-04
4.773847176693379879e-04
4.780397284775972366e-04
4.769423976540565491e-04
4.773657128680497408e-04
4.770303785335272551e-04
4.759023722726851702e-04
4.765462945215404034e-04
4.761060990858823061e-04
4.781419993378221989e-04
4.763292381539940834e-04
4.765083140227943659e-04
4.760396550409495831e-04
4.767837235704064369e-04
4.762383468914777040e-04
4.761852906085550785e-04
4.763836914207786322e-04
4.760588926728814840e-04
4.764891054946929216e-04
4.759811563417315483e-04
4.764814511872828007e-04
4.763598262798041105e-04
4.758090944960713387e-04
4.761484742630273104e-04
4.762545868288725615e-04
4.761498712468892336e-04
4.763289471156895161e-04
4.769211518578231335e-04
4.762944299727678299e-04
4.766953352373093367e-04
4.764806362800300121e-04
4.768740909639745951e-04
4.759989387821406126e-04
4.772016545757651329e-04
4.762493772432208061e-04
4.769809893332421780e-04
4.766505444422364235e-04
4.769838706124573946e-04
4.770483938045799732e-04
4.764890763908624649e-04
4.771796811837702990e-04
4.767861100845038891e-04
4.779193259309977293e-04
4.766245838254690170e-04
4.767861391883343458e-04
4.766938509419560432e-04
4.769426013808697462e-04
4.766572965309023857e-04
4.772075917571783066e-04
4.772969987243413925e-04
4.775412380695343018e-04
4.763693723361939192e-04
4.774567496497184038e-04
4.767203354276716709e-04
4.774488334078341722e-04
4.767757200170308352e-04
4.770578525494784117e-04
4.771208332385867834e-04
4.761535092256963253e-04
4.775495326612144709e-04
4.761739983223378658e-04
4.772394022438675165e-04
4.763913457281887531e-04
4.771185340359807014e-04
4.766065976582467556e-04
4.765935882460325956e-04
4.759619478136301041e-04
4.775073903147131205e-04
4.754818510264158249e-04
4.758049617521464825e-04
4.759452713187783957e-04
4.768674552906304598e-04
4.769976658280938864e-04
4.771367239300161600e-04
4.781731113325804472e-04
4.770559899043291807e-04
4.770204541273415089e-04
4.767574428115040064e-04
4.777079448103904724e-04
4.774784611072391272e-04
4.775143170263618231e-04
4.766448691952973604e-04
4.768752260133624077e-04
4.768139042425900698e-04
4.773943219333887100e-04
4.765458288602530956e-04
4.772362881340086460e-04
4.765609919559210539e-04
4.773505206685513258e-04
4.771280509885400534e-04
4.771212115883827209e-04
4.765434423461556435e-04
4.770313971675932407e-04
4.768714425154030323e-04
4.773104446940124035e-04
4.767722857650369406e-04
4.771407111547887325e-04
4.768232174683362246e-04
4.771802923642098904e-04
4.762056923937052488e-04
4.765281628351658583e-04
4.765699268318712711e-04
4.768372455146163702e-04
4.762394819408655167e-04
4.769713559653609991e-04
4.766023484990000725e-04
4.764221666846424341e-04
4.763684701174497604e-04
4.765801131725311279e-04
4.765596531797200441e-04
4.766866622958332300e-04
4.766651836689561605e-04
4.764591576531529427e-04
4.766985075548291206e-04
4.762012686114758253e-04
4.766045312862843275e-04
4.763538890983909369e-04
4.766728379763662815e-04
4.767301725223660469e-04
4.766141355503350496e-04
4.765606136061251163e-04
4.763077886309474707e-04
4.763015604112297297e-04
4.766821220982819796e-04
4.767962382175028324e-04
4.766171332448720932e-04
4.763342731166630983e-04
4.765276098623871803e-04
4.768957151100039482e-04
4.766201309394091368e-04
4.766207712236791849e-04
4.766712081618607044e-04
4.768688813783228397e-04
4.768284561578184366e-04
4.764713230542838573e-04
4.765624762512743473e-04
4.768156504724174738e-04
4.766352358274161816e-04
4.765404155477881432e-04
4.765373596455901861e-04
4.767693753819912672e-04
4.767893115058541298e-04
4.767861391883343458e-04
4.767342179547995329e-04
4.767287173308432102e-04
4.766971105709671974e-04
4.766651254612952471e-04
4.767614009324461222e-04
4.767412610817700624e-04
4.766527563333511353e-04
4.767618374899029732e-04
4.764526383951306343e-04
4.769010993186384439e-04
4.765804915223270655e-04
4.769028455484658480e-04
4.766311030834913254e-04
4.767789796460419893e-04
4.763586912304162979e-04
4.768254293594509363e-04
4.765608173329383135e-04
4.765939665958285332e-04
4.760892770718783140e-04
4.766300553455948830e-04
4.765050252899527550e-04
4.767495556734502316e-04
4.762115713674575090e-04
4.766417550854384899e-04
4.767004866153001785e-04
4.769161168951541185e-04
4.764535115100443363e-04
4.765453340951353312e-04
4.764881159644573927e-04
4.764550540130585432e-04
4.764681216329336166e-04
4.764029581565409899e-04
4.767685604747384787e-04
4.763934994116425514e-04
4.770038940478116274e-04
4.764159384649246931e-04
4.767829377669841051e-04
4.765729536302387714e-04
4.768022045027464628e-04
4.768264188896864653e-04
4.769079969264566898e-04
4.770383529830724001e-04
4.767002828884869814e-04
4.769139050040394068e-04
4.766657366417348385e-04
4.768108192365616560e-04
4.766725469380617142e-04
4.769181541632860899e-04
4.767557838931679726e-04
4.768102662637829781e-04
4.765058984048664570e-04
4.764837794937193394e-04
4.767410282511264086e-04
4.764441691804677248e-04
4.768078797496855259e-04
4.766965284943580627e-04
4.768114013131707907e-04
4.768943181261420250e-04
4.767176869791001081e-04
4.767166101373732090e-04
4.765745252370834351e-04
4.768212966155260801e-04
4.766801721416413784e-04
4.767740028910338879e-04
4.768961807712912560e-04
4.766595084220170975e-04
4.768565122503787279e-04
4.764821205753833055e-04
4.766729834955185652e-04
4.765655030496418476e-04
4.765904450323432684e-04
4.768627986777573824e-04
4.767740319948643446e-04
4.765844787470996380e-04
4.764639015775173903e-04
4.764969635289162397e-04
4.767030768562108278e-04
4.766446363646537066e-04
4.767395730596035719e-04
4.768996150232851505e-04
4.766515921801328659e-04
4.766549391206353903e-04
4.765268531627953053e-04
4.766877973452210426e-04
4.765323246829211712e-04
4.764988552778959274e-04
4.765435005538165569e-04
4.764310724567621946e-04
4.764799086842685938e-04
4.765021149069070816e-04
4.765845369547605515e-04
4.766893107444047928e-04
4.765930934809148312e-04
4.767811042256653309e-04
4.766340425703674555e-04
4.765680641867220402e-04
4.764716431964188814e-04
4.765613703057169914e-04
4.768042417708784342e-04
4.766023776028305292e-04
4.766412894241511822e-04
4.765719641000032425e-04
4.765545600093901157e-04
4.764723707921802998e-04
4.764341574627906084e-04
4.766061902046203613e-04
4.766100319102406502e-04
4.766443453263491392e-04
4.767218779306858778e-04
4.766349447891116142e-04
4.765909980051219463e-04
4.765908524859696627e-04
4.768288636114448309e-04
4.767425707541406155e-04
4.767930658999830484e-04
4.765845369547605515e-04
4.764946934301406145e-04
4.763951001223176718e-04
4.766868078149855137e-04
4.764077020809054375e-04
4.764936747960746288e-04
4.763973702210932970e-04
4.763783072121441364e-04
4.762434691656380892e-04
4.764426557812839746e-04
4.763327306136488914e-04
4.765729536302387714e-04
4.765656485687941313e-04
4.770818050019443035e-04
4.767721402458846569e-04
4.771089879795908928e-04
4.765866324305534363e-04
4.766747006215155125e-04
4.764763871207833290e-04
4.767424252349883318e-04
4.764984187204390764e-04
4.763854667544364929e-04
4.766044148709625006e-04
4.766853817272931337e-04
4.765878547914326191e-04
4.764731274917721748e-04
4.766000201925635338e-04
4.764681216329336166e-04
4.765748162753880024e-04
4.765881749335676432e-04
4.765884950757026672e-04
4.764733312185853720e-04
4.764257755596190691e-04
4.765189660247415304e-04
4.762437893077731133e-04
4.765550838783383369e-04
4.765348567161709070e-04
4.766536876559257507e-04
4.764383484143763781e-04
4.766421334352344275e-04
4.764409677591174841e-04
4.767473146785050631e-04
4.766764468513429165e-04
4.768784565385431051e-04
4.767850332427769899e-04
4.768343933392316103e-04
4.767179489135742188e-04
4.767661448568105698e-04
4.764507175423204899e-04
4.770243249367922544e-04
4.764626792166382074e-04
4.770319792442023754e-04
4.764334880746901035e-04
4.764819459524005651e-04
4.759186122100800276e-04
4.765057819895446301e-04
4.768811049871146679e-04
4.767334612552076578e-04
4.765989142470061779e-04
4.766874480992555618e-04
4.769749648403376341e-04
4.767605569213628769e-04
4.767051432281732559e-04
4.768435610458254814e-04
4.766385827679187059e-04
4.768536600749939680e-04
4.761169839184731245e-04
4.765000194311141968e-04
4.761677701026201248e-04
4.764406767208129168e-04
4.760695155709981918e-04
4.762660246342420578e-04
4.768398939631879330e-04
4.773286636918783188e-04
4.768920771311968565e-04
4.772775573655962944e-04
4.768062499351799488e-04
4.765060148201882839e-04
4.760610172525048256e-04
4.768368962686508894e-04
4.763613105751574039e-04
4.760495794471353292e-04
4.762408789247274399e-04
4.753991961479187012e-04
4.758456489071249962e-04
4.756987327709794044e-04
4.759532748721539974e-04
4.760455049108713865e-04
4.764535115100443363e-04
4.768557264469563961e-04
4.768805520143359900e-04
4.777051217388361692e-04
4.771482199430465698e-04
4.769700753968209028e-04
4.769052320625633001e-04
4.765024641528725624e-04
4.765530175063759089e-04
4.763223114423453808e-04
4.763435572385787964e-04
4.765594203490763903e-04
4.767176287714391947e-04
4.762402677442878485e-04
4.766675701830536127e-04
4.763202450703829527e-04
4.764862533193081617e-04
4.763172473758459091e-04
4.764549958053976297e-04
4.764463810715824366e-04
4.766419588122516870e-04
4.761087475344538689e-04
4.767430364154279232e-04
4.762148018926382065e-04
4.768494691234081984e-04
4.760939918924123049e-04
4.768108774442225695e-04
4.763179167639464140e-04
4.762159951496869326e-04
4.764078476000577211e-04
4.767163482028990984e-04
4.766067140735685825e-04
4.769006918650120497e-04
4.764132027048617601e-04
4.769092192873358727e-04
4.763289762195199728e-04
4.767976060975342989e-04
4.765369812957942486e-04
4.763583710882812738e-04
4.763623583130538464e-04
4.764164914377033710e-04
4.765487392432987690e-04
4.764670447912067175e-04
4.765996418427675962e-04
4.765723424497991800e-04
4.765517369378358126e-04
4.766043566633015871e-04
4.766669007949531078e-04
4.765704798046499491e-04
4.765869816765189171e-04
4.764490586239844561e-04
4.764678305946290493e-04
4.765763878822326660e-04
4.766248748637735844e-04
4.767070640809834003e-04
4.768173384945839643e-04
4.768501385115087032e-04
4.768609942402690649e-04
4.765547346323728561e-04
4.767138452734798193e-04
4.766369238495826721e-04
4.767579084727913141e-04
4.766317724715918303e-04
4.766388155985623598e-04
4.767180653288960457e-04
4.766654747072607279e-04
4.767150385305285454e-04
4.765440826304256916e-04
4.766864876728504896e-04
4.766242054756730795e-04
4.767291538883000612e-04
4.766931815538555384e-04
4.767158825416117907e-04
4.767428617924451828e-04
4.768347134813666344e-04
4.766821803059428930e-04
4.767558129969984293e-04
4.766915517393499613e-04
4.767085483763366938e-04
4.765137855429202318e-04
4.764983314089477062e-04
4.765767662320286036e-04
4.765455669257789850e-04
4.765883786603808403e-04
4.765525518450886011e-04
4.766851197928190231e-04
4.766697238665074110e-04
4.767167556565254927e-04
4.766333149746060371e-04
4.766040656249970198e-04
4.765455669257789850e-04
4.766209749504923820e-04
4.765698395203799009e-04
4.766825877595692873e-04
4.765735939145088196e-04
4.767254285980015993e-04
4.766066849697381258e-04
4.767763020936399698e-04
4.766820638906210661e-04
4.767618083860725164e-04
4.767784266732633114e-04
4.767920472659170628e-04
4.766008642036467791e-04
4.767887876369059086e-04
4.766373604070395231e-04
4.768529906868934631e-04
4.765209159813821316e-04
4.764089244417846203e-04
4.765145422425121069e-04
4.763864853885024786e-04
4.766394267790019512e-04
4.766701022163033485e-04
4.767117789015173912e-04
4.762884345836937428e-04
4.765766498167067766e-04
4.764780751429498196e-04
4.767242644447833300e-04
4.764783370774239302e-04
4.769025545101612806e-04
4.766272322740405798e-04
4.765791236422955990e-04
4.763791512232273817e-04
4.766277852468192577e-04
4.766071797348558903e-04
4.766577912960201502e-04
4.767440841533243656e-04
4.767165810335427523e-04
4.766814236063510180e-04
4.766464116983115673e-04
4.767307254951447248e-04
4.765111370943486691e-04
4.766646306961774826e-04
4.765405610669404268e-04
4.768237995449453592e-04
4.766364872921258211e-04
4.766668425872921944e-04
4.766549973282963037e-04
4.768114304170012474e-04
4.765558405779302120e-04
4.764579934999346733e-04
4.765240300912410021e-04
4.766460333485156298e-04
4.766928905155509710e-04
4.766183556057512760e-04
4.767477512359619141e-04
4.765425110235810280e-04
4.765571211464703083e-04
4.765232442878186703e-04
4.766210913658142090e-04
4.767125938087701797e-04
4.768597718793898821e-04
4.767388163600116968e-04
4.767700447700917721e-04
4.766602651216089725e-04
4.766855272464454174e-04
4.766092752106487751e-04
4.766952188219875097e-04
4.766153288073837757e-04
4.766741767525672913e-04
4.765577905345708132e-04
4.765305493492633104e-04
4.765455960296094418e-04
4.766507190652191639e-04
4.766397760249674320e-04
4.767358768731355667e-04
4.766129131894558668e-04
4.767021455336362123e-04
4.766095371451228857e-04
4.766610800288617611e-04
4.766165511682629585e-04
4.767389909829944372e-04
4.766196361742913723e-04
4.766213824041187763e-04
4.765006597153842449e-04
4.766388738062232733e-04
4.766597121488302946e-04
4.765752819366753101e-04
4.767211212310940027e-04
4.766672791447490454e-04
4.767570935655385256e-04
4.765252815559506416e-04
4.766025813296437263e-04
4.765928606502711773e-04
4.767257778439670801e-04
4.764642217196524143e-04
4.767793579958379269e-04
4.767331702169030905e-04
4.767148930113762617e-04
4.765540070366114378e-04
4.766485071741044521e-04
4.767453065142035484e-04
4.767874197568744421e-04
4.767656791955232620e-04
4.766725469380617142e-04
4.766852362081408501e-04
4.766288329847157001e-04
4.768105281982570887e-04
4.767340142279863358e-04
4.767780774272978306e-04
4.765342455357313156e-04
4.767494101542979479e-04
4.766784841194748878e-04
4.767575592268258333e-04
4.766530764754861593e-04
4.767034261021763086e-04
4.764648329000920057e-04
4.764274926856160164e-04
4.765556659549474716e-04
4.765510093420743942e-04
4.767058708239346743e-04
4.765226331073790789e-04
4.770719096995890141e-04
4.765699268318712711e-04
4.772156535182148218e-04
4.768367216456681490e-04
4.769914667122066021e-04
4.768578219227492809e-04
4.765256890095770359e-04
4.767466452904045582e-04
4.765127378050237894e-04
4.769160004798322916e-04
4.767287464346736670e-04
4.768260696437209845e-04
4.765307821799069643e-04
4.765547637362033129e-04
4.766646889038383961e-04
4.763206816278398037e-04
4.763973702210932970e-04
4.765288322232663631e-04
4.767542413901537657e-04
4.766070633195340633e-04
4.767332575283944607e-04
4.768425424117594957e-04
4.769131483044475317e-04
4.768127109855413437e-04
4.765904741361737251e-04
4.766962083522230387e-04
4.767274367623031139e-04
4.768778453581035137e-04
4.765979829244315624e-04
4.767291829921305180e-04
4.766798519995063543e-04
4.768914077430963516e-04
4.766832280438393354e-04
4.768368962686508894e-04
4.768245562445372343e-04
4.769295628648251295e-04
4.764642217196524143e-04
4.764781915582716465e-04
4.763698671013116837e-04
4.767242935486137867e-04
4.766758065670728683e-04
4.766623023897409439e-04
4.765798221342265606e-04
4.766337515320628881e-04
4.766491474583745003e-04
4.768997314386069775e-04
4.764538316521793604e-04
4.766526690218597651e-04
4.768506332766264677e-04
4.767221107613295317e-04
4.769205406773835421e-04
4.766676283907145262e-04
4.769300576299428940e-04
4.766981001012027264e-04
4.769078223034739494e-04
4.767749633174389601e-04
4.768812505062669516e-04
4.765687626786530018e-04
4.767371283378452063e-04
4.766105557791888714e-04
4.767623031511902809e-04
4.765350895468145609e-04
4.766282218042761087e-04
4.767573555000126362e-04
4.767974314745515585e-04
4.767147183883935213e-04
4.765893681906163692e-04
4.767048521898686886e-04
4.766017373185604811e-04
4.766011843457818031e-04
4.764879413414746523e-04
4.766522033605724573e-04
4.766224592458456755e-04
4.767173377331346273e-04
4.765266203321516514e-04
4.766641650348901749e-04
4.765045887324959040e-04
4.765857011079788208e-04
4.767016216646879911e-04
4.768530488945543766e-04
4.767798527609556913e-04
4.765747871715575457e-04
4.768423386849462986e-04
4.765896883327513933e-04
4.767247592099010944e-04
4.767989739775657654e-04
4.767458012793213129e-04
4.765908524859696627e-04
4.765214980579912663e-04
4.768588696606457233e-04
4.768228100147098303e-04
4.768431535921990871e-04
4.770043888129293919e-04
4.766923084389418364e-04
4.766728670801967382e-04
4.764587501995265484e-04
4.768349463120102882e-04
4.768202197737991810e-04
4.769667866639792919e-04
4.769223451148718596e-04
4.769237712025642395e-04
4.765011544805020094e-04
4.766582278534770012e-04
4.764525219798088074e-04
4.768359649460762739e-04
4.765941994264721870e-04
4.766520869452506304e-04
4.764530749525874853e-04
4.763574979733675718e-04
4.766555794049054384e-04
4.764391633216291666e-04
4.767461505252867937e-04
4.766451020259410143e-04
4.770318046212196350e-04
4.769435618072748184e-04
4.769414372276514769e-04
4.768247017636895180e-04
4.767096834257245064e-04
4.764643672388046980e-04
4.763621545862406492e-04
4.767759819515049458e-04
4.763916367664933205e-04
4.765735066030174494e-04
4.764124751091003418e-04
4.767730715684592724e-04
4.767760692629963160e-04
4.768071230500936508e-04
4.765461490023881197e-04
4.766874189954251051e-04
4.765292687807232141e-04
4.766757192555814981e-04
4.765031335409730673e-04
4.770706291310489178e-04
4.766222846228629351e-04
4.766009515151381493e-04
4.762116877827793360e-04
4.767568898387253284e-04
4.764697805512696505e-04
4.768469661939889193e-04
4.762968746945261955e-04
4.768430371768772602e-04
4.766595666296780109e-04
4.766679776366800070e-04
4.763549950439482927e-04
4.761652962770313025e-04
4.764209734275937080e-04
4.770147788804024458e-04
4.767716745845973492e-04
4.769380320794880390e-04
4.766050260514020920e-04
4.768259823322296143e-04
4.766456258948892355e-04
4.764907062053680420e-04
4.765630583278834820e-04
4.767499631270766258e-04
4.764791810885071754e-04
4.764757759403437376e-04
4.766229249071329832e-04
4.766034544445574284e-04
4.765187331940978765e-04
4.766691708937287331e-04
4.766217607539147139e-04
4.765682970173656940e-04
4.767378850374370813e-04
4.767893988173455000e-04
4.769220249727368355e-04
4.767362261191010475e-04
4.766207130160182714e-04
4.767380305565893650e-04
4.765797348227351904e-04
4.766674246639013290e-04
4.763608449138700962e-04
4.768406797666102648e-04
4.767405043821781874e-04
4.768220824189484119e-04
4.765130579471588135e-04
4.767360514961183071e-04
4.764895420521497726e-04
4.764194891322404146e-04
4.764415207318961620e-04
4.766056081280112267e-04
4.766201309394091368e-04
4.765748744830489159e-04
4.766652709804475307e-04
4.767394275404512882e-04
4.765358462464064360e-04
4.765465273521840572e-04
4.766513884533196688e-04
4.767272039316594601e-04
4.766846832353621721e-04
4.766891361214220524e-04
4.765919875353574753e-04
4.766357305925339460e-04
4.763737670145928860e-04
4.763823235407471657e-04
4.763320030178874731e-04
4.765184130519628525e-04
4.767055797856301069e-04
4.768203070852905512e-04
