9.460904598236083984e-01
7.231910228729248047e-01
4.955878257751464844e-01
3.352509737014770508e-01
2.431829571723937988e-01
1.574691236019134521e-01
9.889367222785949707e-02
7.867515087127685547e-02
4.735835269093513489e-02
3.442189469933509827e-02
3.069902770221233368e-02
2.352111414074897766e-02
2.346277609467506409e-02
1.614884287118911743e-02
1.660229079425334930e-02
1.220641843974590302e-02
1.122817397117614746e-02
9.533653967082500458e-03
7.276179268956184387e-03
7.521507330238819122e-03
4.899793304502964020e-03
5.272506736218929291e-03
4.161925986409187317e-03
3.184441011399030685e-03
3.186552785336971283e-03
2.410282846540212631e-03
2.484126947820186615e-03
2.071243710815906525e-03
1.767983427271246910e-03
1.474479446187615395e-03
1.321410876698791981e-03
1.256383256986737251e-03
1.132003962993621826e-03
1.038861693814396858e-03
9.834775701165199280e-04
8.999255951493978500e-04
8.211778476834297180e-04
7.887746905907988548e-04
7.316057453863322735e-04
7.277902914211153984e-04
6.195809692144393921e-04
5.863381084054708481e-04
5.249667447060346603e-04
4.739376599900424480e-04
4.932056763209402561e-04
4.354737466201186180e-04
4.377457662485539913e-04
3.912842366844415665e-04
3.649401478469371796e-04
3.419469576328992844e-04
3.241565136704593897e-04
3.137250314466655254e-04
3.017769195139408112e-04
3.038485301658511162e-04
2.885365975089371204e-04
2.831073943525552750e-04
2.579704741947352886e-04
2.437952789478003979e-04
2.727764076553285122e-04
2.477935049682855606e-04
2.312797150807455182e-04
2.338833583053201437e-04
2.285900700371712446e-04
2.133512462023645639e-04
2.154002286260947585e-04
2.001181419473141432e-04
1.955812331289052963e-04
2.255886211059987545e-04
2.285613445565104485e-04
2.452739281579852104e-04
1.771924144122749567e-04
1.849605177994817495e-04
2.070794289465993643e-04
1.871614076662808657e-04
1.942683593370020390e-04
1.757896097842603922e-04
1.562623365316540003e-04
1.571114262333139777e-04
1.846807135734707117e-04
1.589475141372531652e-04
1.337630383204668760e-04
1.215764568769373000e-04
1.197454257635399699e-04
1.123598267440684140e-04
1.336248824372887611e-04
1.023293298203498125e-04
1.019245100906118751e-04
9.747117292135953903e-05
9.789456817088648677e-05
1.028288243105635047e-04
9.387435420649126172e-05
1.151132455561310053e-04
1.211080525536090136e-04
1.056918990798294544e-04
1.240309793502092361e-04
1.138461084337905049e-04
9.276678611058741808e-05
9.223967208527028561e-05
1.313599641434848309e-04
9.392120409756898880e-05
1.304359320783987641e-04
1.131289682234637439e-04
9.568587120156735182e-05
9.587076783645898104e-05
1.407870004186406732e-04
8.911721670301631093e-05
8.897598308976739645e-05
1.673380611464381218e-04
1.696319377515465021e-04
1.084478790289722383e-04
1.353806728729978204e-04
1.391447440255433321e-04
1.143090412369929254e-04
1.371435355395078659e-04
2.196368150180205703e-04
1.563292462378740311e-04
1.660800480749458075e-04
1.800204481696709991e-04
1.289435313083231449e-04
1.052227598847821355e-04
9.456137195229530334e-05
1.235818490386009216e-04
9.147009404841810465e-05
9.348465391667559743e-05
1.892299042083323002e-04
2.078239049296826124e-04
1.460061757825314999e-04
2.747972612269222736e-04
1.711620716378092766e-04
1.440493506379425526e-04
1.418171741534024477e-04
1.405574876116588712e-04
1.181336410809308290e-04
1.998908119276165962e-04
9.996342123486101627e-05
1.025476813083514571e-04
1.517579075880348682e-04
1.747856440488249063e-04
1.403763744747266173e-04
2.154478861484676600e-04
2.231021644547581673e-04
1.626658631721511483e-04
2.587638155091553926e-04
1.522614038549363613e-04
1.126445422414690256e-04
1.305633340962231159e-04
7.650585030205547810e-05
7.091587758623063564e-05
8.650030940771102905e-05
1.131093740696087480e-04
7.072157313814386725e-05
1.137748913606628776e-04
6.700240192003548145e-05
6.316856160992756486e-05
1.131738390540704131e-04
7.336579437833279371e-05
1.330132217844948173e-04
7.723788439761847258e-05
9.834477532422170043e-05
6.967125227674841881e-05
6.325358117464929819e-05
6.053998731658793986e-05
4.725935650640167296e-05
4.710516805062070489e-05
5.079065886093303561e-05
9.542638144921511412e-05
8.039812382776290178e-05
6.217158806975930929e-05
6.103210034780204296e-05
7.698420085944235325e-05
8.175580296665430069e-05
8.130609785439446568e-05
9.263445099350064993e-05
6.570179539266973734e-05
7.220570114441215992e-05
5.547895125346258283e-05
5.484959910972975194e-05
5.115591193316504359e-05
4.356942736194469035e-05
6.868157652206718922e-05
4.258496483089402318e-05
5.953724030405282974e-05
8.711279951967298985e-05
6.940085586393252015e-05
1.323035976383835077e-04
5.617926217382773757e-05
1.212863862747326493e-04
8.704629726707935333e-05
7.495954923797398806e-05
1.305676123593002558e-04
8.324826194439083338e-05
8.867641736287623644e-05
1.803335908334702253e-04
7.388464291580021381e-05
2.233870036434382200e-04
1.115609411499463022e-04
2.361553633818402886e-04
1.452945725759491324e-04
1.358868175884708762e-04
1.607887097634375095e-04
9.532821422908455133e-05
2.116245741490274668e-04
8.725369116291403770e-05
1.196490775328129530e-04
1.896404719445854425e-04
8.477796654915437102e-05
2.519324189051985741e-04
8.943987631937488914e-05
1.085992116713896394e-04
2.138632844435051084e-04
8.503590652253478765e-05
2.277375024277716875e-04
1.252610381925478578e-04
1.191612973343580961e-04
1.962059031939134002e-04
9.271460294257849455e-05
7.352642569458112121e-05
8.657868602313101292e-05
9.482174209551885724e-05
1.320551382377743721e-04
1.075940817827358842e-04
1.072024315362796187e-04
8.825447002891451120e-05
5.852833783137612045e-05
5.602820965577848256e-05
4.647097011911682785e-05
3.977712185587733984e-05
3.727927105501294136e-05
2.817593667714390904e-05
3.138402826152741909e-05
2.954620504169724882e-05
2.370931542827747762e-05
2.977886833832599223e-05
2.613300966913811862e-05
1.817088559619151056e-05
1.785812492016702890e-05
2.307609975105151534e-05
2.549347118474543095e-05
1.987608811759855598e-05
2.411527020740322769e-05
2.288807627337519079e-05
4.766653000842779875e-05
2.649022462719585747e-05
5.549547859118320048e-05
2.572841185610741377e-05
3.146001472487114370e-05
3.749976895051077008e-05
5.039984171162359416e-05
2.506819146219640970e-05
4.146328501519747078e-05
2.241197944385930896e-05
1.990210512303747237e-05
2.161375959985889494e-05
3.230055881431326270e-05
2.395899173279758543e-05
4.002517744083888829e-05
3.128963726339861751e-05
2.217538894910831004e-05
1.877444083220325410e-05
1.871503991424106061e-05
1.517072360002202913e-05
2.732082430156879127e-05
3.479290171526372433e-05
3.037671194761060178e-05
3.194209421053528786e-05
2.911408773798029870e-05
2.275409860885702074e-05
3.598086550482548773e-05
3.106190706603229046e-05
3.542922422639094293e-05
3.816661774180829525e-05
4.078698111698031425e-05
7.529760478064417839e-05
4.626035661203786731e-05
9.495779522694647312e-05
6.116332951933145523e-05
1.111158489948138595e-04
3.590981941670179367e-05
1.307597267441451550e-04
4.246092430548742414e-05
7.508942508138716221e-05
3.772279524127952754e-05
4.847437230637297034e-05
3.350772749399766326e-05
2.183819378842599690e-05
1.713102392386645079e-05
1.432858516636770219e-05
2.537972977734170854e-05
3.904496406903490424e-05
2.810777732520364225e-05
1.040612114593386650e-04
4.528200224740430713e-05
1.251270005013793707e-04
6.873408710816875100e-05
9.634617890696972609e-05
4.507006815401837230e-05
1.661227433942258358e-04
6.307825242402032018e-05
1.396191655658185482e-04
4.561860259855166078e-05
1.255146198673173785e-04
7.457175524905323982e-05
6.854967796243727207e-05
1.901642535813152790e-04
8.575050014769658446e-05
1.949674624484032393e-04
1.365922798868268728e-04
6.615285528823733330e-04
3.014039248228073120e-04
5.544183659367263317e-04
3.272669855505228043e-04
2.618375001475214958e-04
4.438801552169024944e-04
2.618244034238159657e-04
2.488379832357168198e-04
2.661645994521677494e-04
2.237462904304265976e-04
2.098347176797688007e-04
2.722464269027113914e-04
2.884355781134217978e-04
4.979236982762813568e-04
5.590055370703339577e-04
2.773628802970051765e-04
4.703920858446508646e-04
6.206929683685302734e-04
2.897240337915718555e-04
3.993758873548358679e-04
4.926096880808472633e-04
4.608750459738075733e-04
2.621440507937222719e-04
2.776548208203166723e-04
2.639439771883189678e-04
1.607408485142514110e-04
1.221470010932534933e-04
1.236586540471762419e-04
1.104252514778636396e-04
1.112902536988258362e-04
1.044433593051508069e-04
1.198526733787730336e-04
2.135528775397688150e-04
2.087979228235781193e-04
1.132835459429770708e-04
1.800899626687169075e-04
2.360069192945957184e-04
1.436542370356619358e-04
1.316458219662308693e-04
2.177964925067499280e-04
1.737596030579879880e-04
1.220317717525176704e-04
1.250540517503395677e-04
7.761523011140525341e-05
8.243059710366651416e-05
1.008948311209678650e-04
8.276940206997096539e-05
1.392583653796464205e-04
1.487947301939129829e-04
1.103653848986141384e-04
1.361999457003548741e-04
1.374406565446406603e-04
1.280081633012741804e-04
4.758334398502483964e-05
5.831394446431659162e-05
4.264710150891914964e-05
3.403095979592762887e-05
2.686439802346285433e-05
3.389426274225115776e-05
2.348092675674706697e-05
2.529886478441767395e-05
2.213389416283462197e-05
1.835483453760389239e-05
2.166865670005790889e-05
1.891609645099379122e-05
1.659731788095086813e-05
1.242699727299623191e-05
1.120533852372318506e-05
9.320052413386292756e-06
8.535575034329667687e-06
9.294557457906194031e-06
9.018736818688921630e-06
1.332843930867966264e-05
1.215376596519490704e-05
1.065529977495316416e-05
1.498465644544921815e-05
2.503252107999287546e-05
9.555304131936281919e-06
8.969724149210378528e-06
9.872528607957065105e-06
6.933069016668014228e-06
6.482722710643429309e-06
6.752310582669451833e-06
8.677037840243428946e-06
9.618410331313498318e-06
8.496245754940900952e-06
6.772849246772238985e-06
7.589838332933140919e-06
1.010537653201026842e-05
1.312315725954249501e-05
1.412807068845722824e-05
2.031853364314883947e-05
1.042306575982365757e-05
1.407714626111555845e-05
1.238033837580587715e-05
1.413859718013554811e-05
1.354984215140575543e-05
1.920419344969559461e-05
1.480603532399982214e-05
1.494878961239010096e-05
1.336526020168093964e-05
1.613159111002460122e-05
1.509595949755748734e-05
1.829742905101738870e-05
1.079357116395840421e-05
9.979735295928549021e-06
1.032047657645307481e-05
9.518118531559593976e-06
1.928615711221937090e-05
1.075303407560568303e-05
1.253402115253265947e-05
1.554861773911397904e-05
9.932903594744857401e-06
7.872873538872227073e-06
1.697934203548356891e-05
1.248993339686421677e-05
9.077284630620852113e-06
1.331253588432446122e-05
9.997136658057570457e-06
1.400151722918963060e-05
1.496963159297592938e-05
1.034789056575391442e-05
8.080409315880388021e-06
9.769504686119034886e-06
8.557542969356290996e-06
7.352586180786602199e-06
7.376434950856491923e-06
7.126606760721188039e-06
7.344624464167281985e-06
7.088130587362684309e-06
1.032248110277578235e-05
6.737316653016023338e-06
5.855697054357733577e-06
6.634993951593060046e-06
6.981942533457186073e-06
1.402582529408391565e-05
1.272382542083505541e-05
1.329034057562239468e-05
1.037142828863579780e-05
1.080820493370993063e-05
7.611792170791886747e-06
9.475206752540543675e-06
6.756753009540261701e-06
7.766839189571328461e-06
7.605540304211899638e-06
9.907525054586585611e-06
7.444763923558639362e-06
7.427160198858473450e-06
7.780045052641071379e-06
9.435358151677064598e-06
8.364037967112381011e-06
8.048567906371317804e-06
1.403655005560722202e-05
8.854443876771256328e-06
1.052451807481702417e-05
1.934780448209494352e-05
1.196938683278858662e-05
1.077986962627619505e-05
2.021470936597324908e-05
9.567082088324241340e-06
9.119716196437366307e-06
1.505199907114729285e-05
8.108941983664408326e-06
1.203219107992481440e-05
8.658413207740522921e-06
7.662485586479306221e-06
8.791315849521197379e-06
8.910113137972075492e-06
5.791348030470544472e-06
1.228785095008788630e-05
7.709247256570961326e-06
8.137778422678820789e-06
8.956339115684386343e-06
7.250342605402693152e-06
8.883125701686367393e-06
7.408467809000285342e-06
5.361494004318956286e-06
7.330360858759377152e-06
3.657579327409621328e-06
4.295339749660342932e-06
8.177812560461461544e-06
9.147781383944675326e-06
9.064931873581372201e-06
6.617762664973270148e-06
5.959841473668348044e-06
1.201102895720396191e-05
8.767183317104354501e-06
9.223413144354708493e-06
4.756517682835692540e-06
9.452595804759766906e-06
5.839088771608658135e-06
6.827746346971252933e-06
1.102470196201466024e-05
8.238012014771811664e-06
2.033056807704269886e-05
7.865161023801192641e-06
1.572744440636597574e-05
1.551642890262883157e-05
1.000213160295970738e-05
2.605830741231329739e-05
1.930706821440253407e-05
1.616068220755551010e-05
2.574965401436202228e-05
1.439683637727284804e-05
1.636745037103537470e-05
2.252781632705591619e-05
1.882662036223337054e-05
3.140650733257643878e-05
2.837199463101569563e-05
1.782899744284804910e-05
5.031663749832659960e-05
1.719899228191934526e-05
3.757339436560869217e-05
2.748850783973466605e-05
1.962975511560216546e-05
4.435740993358194828e-05
2.167231650673784316e-05
3.061196548514999449e-05
6.564785144291818142e-05
3.052509782719425857e-05
4.396799340611323714e-05
2.835682607837952673e-05
1.738233913783915341e-05
2.230910286016296595e-05
1.565182901686057448e-05
2.751328793237917125e-05
1.860433258116245270e-05
2.538269473006948829e-05
1.501383303548209369e-05
1.558024450787343085e-05
1.907672776724211872e-05
1.190302737086312845e-05
8.734461516723968089e-06
7.396049113594926894e-06
8.203882316593080759e-06
9.819865226745605469e-06
8.905746653908863664e-06
6.205134923220612109e-06
5.728692030970705673e-06
7.885957529651932418e-06
6.099885013099992648e-06
4.867145435127895325e-06
3.756861588044557720e-06
3.944277523260097951e-06
3.813256171270040795e-06
3.096046384598594159e-06
5.212893483985681087e-06
3.561794301276677288e-06
8.589218850829638541e-06
4.151162102061789483e-06
3.216954610252287239e-06
2.626528612381662242e-06
3.968230430473340675e-06
3.038585873582633212e-06
4.397765223984606564e-06
3.745674803212750703e-06
4.479708877624943852e-06
2.512433638912625611e-06
2.175561803596792743e-06
2.848343910955009051e-06
1.793925548554398119e-06
1.819295903260353953e-06
1.798378434614278376e-06
2.403389771643560380e-06
1.864590103650698438e-06
2.316991867701290175e-06
1.671082486609520856e-06
2.293170609846129082e-06
2.382104867137968540e-06
2.427630533929914236e-06
2.214037294834270142e-06
2.149086867575533688e-06
2.308636339876102284e-06
2.509220621504937299e-06
3.595019734348170459e-06
3.352813564561074600e-06
2.678885493878624402e-06
2.790263351926114410e-06
2.852014404197689146e-06
3.196766101609682664e-06
5.342205440683756024e-06
3.141715296806069091e-06
3.263897497163270600e-06
3.218088295398047194e-06
2.913562639150768518e-06
2.106548436131561175e-06
2.422556917736073956e-06
2.427750132483197376e-06
1.845558358581911307e-06
3.329938408569432795e-06
2.367506795053486712e-06
2.222825060016475618e-06
2.328987648070324212e-06
1.889238319563446566e-06
2.354269327042857185e-06
1.981734840228455141e-06
2.304481768078403547e-06
1.611678385415871162e-06
2.458129074511816725e-06
1.554606797071755864e-06
2.022167791437823325e-06
1.543360326650144998e-06
1.836969431678880937e-06
2.178010845454991795e-06
1.929226300489972346e-06
3.357864216013695113e-06
2.682495050976285711e-06
2.744859557424206287e-06
2.550576937210280448e-06
2.647934934429940768e-06
3.111434580205241218e-06
4.654303666029591113e-06
4.596529834088869393e-06
5.077065907244104892e-06
3.507845121930586174e-06
7.226027264550793916e-06
5.046571004641009495e-06
5.175799742573872209e-06
2.552861133153783157e-06
3.754684257728513330e-06
3.671047124953474849e-06
2.944836069218581542e-06
2.071052676910767332e-06
2.843516995199024677e-06
2.401337724222685210e-06
2.433246208966011181e-06
1.856312337622512132e-06
1.899665676319273189e-06
1.631957161407626700e-06
1.246124838871764950e-06
1.271788164558529388e-06
1.428263203706592321e-06
2.622044576128246263e-06
2.839999979187268764e-06
2.511855655029648915e-06
2.710726221266668290e-06
3.113577122348942794e-06
2.914453943958505988e-06
2.723936177062569186e-06
1.942019025591434911e-06
2.094009005304542370e-06
1.832690600167552475e-06
1.803552777346340008e-06
1.452084916309104301e-06
1.553674337628763169e-06
1.344240217804326676e-06
2.281255547131877393e-06
1.404569729857030325e-06
1.381612946715904400e-06
1.096052756111021154e-06
2.125145101672387682e-06
1.515311168986954726e-06
1.571231109664950054e-06
1.294387629968696274e-06
1.908221747726202011e-06
1.344235101896629203e-06
3.430281594773987308e-06
2.047072257482795976e-06
5.838034667249303311e-06
5.405244337453041226e-06
2.203526310040615499e-05
8.844965122989378870e-06
2.029740971920546144e-05
4.875520062341820449e-06
3.754285671675461344e-06
6.053055130905704573e-06
5.761148713645525277e-06
1.231567330250982195e-05
8.337050530826672912e-06
1.823932507249992341e-05
7.703653864155057818e-06
8.843599971442017704e-06
8.543896910850889981e-06
9.292911272495985031e-06
6.311482138698920608e-06
6.663049134658649564e-06
1.406405681336764246e-05
6.472236691479338333e-06
8.610773875261656940e-06
6.970140020712278783e-06
9.750610843184404075e-06
7.635624569957144558e-06
7.559860023320652544e-06
6.497782578662736341e-06
5.669800430041505024e-06
3.488172296783886850e-06
2.789745167319779284e-06
2.945677351817721501e-06
2.329392827959964052e-06
3.403224127396242693e-06
2.169253093597944826e-06
3.180166459060274065e-06
1.795391995074169245e-06
4.450566848390735686e-06
1.806364025469520129e-06
3.147140887449495494e-06
1.826896550483070314e-06
2.534679879317991436e-06
1.347739043922047131e-06
1.683448999756365083e-06
2.390843064858927391e-06
4.163134690315928310e-06
2.928354660980403423e-06
5.041498297941870987e-06
4.000069111498305574e-06
7.834813004592433572e-06
3.560149707482196391e-06
3.071894752793014050e-06
6.307846888375934213e-06
5.859543307451531291e-06
4.238244400767143816e-06
9.806735761230811477e-06
3.482184183667413890e-06
6.149366527097299695e-06
2.518529527151258662e-06
2.409741000519716181e-06
2.462355496390955523e-06
3.073406332987360656e-06
3.060443305002991110e-06
2.473388576618162915e-06
2.198601350755780004e-06
2.866395789169473574e-06
2.508206762286135927e-06
2.778704583761282265e-06
3.503970219753682613e-06
1.606719138180778828e-06
2.011772266996558756e-06
1.204925183628802188e-06
1.066414142769644968e-06
8.672597004988347180e-07
1.381353285978548229e-06
1.026729478326160461e-06
1.846007421590911690e-06
1.343630856354138814e-06
2.798061814246466383e-06
1.536785475764190778e-06
4.399525096232537180e-06
2.490799488441552967e-06
2.401364554316387512e-06
2.292654244229197502e-06
1.826259335757640656e-06
1.869685434030543547e-06
3.217985522496746853e-06
3.004045083798700944e-06
3.692048949233139865e-06
8.204349796869792044e-06
4.173740762780653313e-06
3.949454367102589458e-06
3.069710601266706362e-06
5.448658157547470182e-06
6.444944119721185416e-06
3.586644197639543563e-06
7.587128493469208479e-06
3.051391331609920599e-06
1.830954374781867955e-06
1.926191998791182414e-06
2.302081384186749347e-06
1.351401124338735826e-06
1.390740408169222064e-06
1.198772679344983771e-06
2.564288024586858228e-06
2.093169314321130514e-06
1.559777501825010404e-06
1.644563553782063536e-06
1.881210664578247815e-06
9.720572506921598688e-07
2.206439830843009986e-06
1.328158532487577759e-06
1.371516873405198567e-06
1.034162664836912882e-06
1.292572960664983839e-06
1.683270056673791260e-06
1.667279775574570522e-06
1.386953385917877313e-06
2.791445467664743774e-06
1.402532120664545801e-06
2.823291652020998299e-06
1.898079517559381202e-06
3.013826244568917900e-06
2.115863935614470392e-06
5.202728971198666841e-06
6.616728569497354329e-06
1.398414315190166235e-05
4.353834810899570584e-06
4.723008260043570772e-06
4.174265995970927179e-06
4.765404355566715822e-06
6.092156581871677190e-06
4.245801392244175076e-06
9.867246262729167938e-06
6.429360837501008064e-06
1.969310324057005346e-05
2.326624235138297081e-05
4.203417120152153075e-05
1.945467374753206968e-05
1.955921288754325360e-05
1.422649347659898922e-05
1.692772093520034105e-05
1.492799674451816827e-05
8.301212801598012447e-06
8.225040801335126162e-06
2.148208659491501749e-05
6.774121175112668425e-06
6.367468358803307638e-06
5.449396667245309800e-06
4.657159479393158108e-06
3.687222942971857265e-06
5.569308996200561523e-06
1.121576042351080105e-05
7.935478606668766588e-06
9.607655556465033442e-06
1.959885776159353554e-05
1.500113103247713298e-05
7.834664756956044585e-06
9.231045623891986907e-06
8.977596735348924994e-06
1.376203454128699377e-05
1.210210848512360826e-05
1.883459844975732267e-05
8.820235962048172951e-06
2.085224332404322922e-05
6.915024641784839332e-06
2.563347516115754843e-05
9.620620403438806534e-06
3.217419725842773914e-05
9.029460670717526227e-06
1.336530294793192297e-05
6.025663424225058407e-06
1.312837503064656630e-05
5.660469469148665667e-06
7.758526407997123897e-06
8.275586878880858421e-06
4.849708602705504745e-06
5.995260835334192961e-06
3.917130925401579589e-06
6.721194040437694639e-06
4.283431735530029982e-06
3.975983418058604002e-06
2.217134806414833292e-06
1.588264012752915733e-06
1.923565832839813083e-06
1.692691057542106137e-06
1.359591806249227375e-06
1.673818815106642433e-06
2.069483798550209031e-06
2.053044227068312466e-06
1.683034156485518906e-06
1.955355401150882244e-06
2.934186113634495996e-06
3.050783561775460839e-06
6.516995199490338564e-06
4.709338099928572774e-06
4.015030754089821130e-06
1.126208007917739451e-05
5.067870006314478815e-06
1.669821722316555679e-05
8.109747795970179141e-06
1.808991510188207030e-05
7.303763140953378752e-06
8.224472367146518081e-06
1.045755743689369410e-05
3.562828624126268551e-06
6.661842235189396888e-06
2.883941306208726019e-06
4.351642019173596054e-06
2.430980202916543931e-06
2.108311036863597110e-06
3.107629709120374173e-06
7.083581294864416122e-06
4.024514055345207453e-06
3.316865786473499611e-06
2.627614321681903675e-06
6.451540684793144464e-06
3.452972805462195538e-06
4.956744305673055351e-06
3.547114829416386783e-06
4.828252258448628709e-06
3.163181645504664630e-06
7.209543582575861365e-06
6.665148248430341482e-06
4.791066203324589878e-06
5.878750926058273762e-06
5.215478267928119749e-06
5.311905624694190919e-06
2.433715053484775126e-06
3.594545660234871320e-06
2.466653540977858938e-06
3.774620836338726804e-06
1.653200342843774706e-06
4.444726982910651714e-06
1.080590664059855044e-05
3.406041741982335225e-06
1.382203845423646271e-05
7.649505278095602989e-06
1.502232680650195107e-05
7.154973900469485670e-06
1.457645339542068541e-05
1.384887127642286941e-05
6.166567618492990732e-05
3.501644823700189590e-05
1.173825294245034456e-04
7.276090036612004042e-05
1.018652546918019652e-04
1.010500491247512400e-04
1.270920620299875736e-04
5.754243466071784496e-05
1.102408714359626174e-04
5.219843660597689450e-05
9.386561578139662743e-05
5.789771967101842165e-05
1.034296292345970869e-04
8.176607661880552769e-05
7.121938688214868307e-05
1.389379613101482391e-04
4.824398638447746634e-05
7.058492337819188833e-05
2.901345578720793128e-05
3.006077167810872197e-05
2.481256160535849631e-05
3.158219624310731888e-05
4.694539529737085104e-05
3.816859680227935314e-05
8.001262904144823551e-05
3.419553104322403669e-05
4.202548734610900283e-05
5.801436418551020324e-05
4.078017082065343857e-05
5.308578693075105548e-05
4.127817010157741606e-05
5.288621105137281120e-05
4.261689537088386714e-05
3.398170156287960708e-05
4.211626219330355525e-05
5.744949885411188006e-05
3.757889498956501484e-05
3.541365003911778331e-05
2.575125472503714263e-05
6.695646152365952730e-05
8.039190288400277495e-05
1.045709286700002849e-04
2.521098940633237362e-04
1.333458931185305119e-04
2.283414651174098253e-04
1.505006366642192006e-04
2.609374059829860926e-04
4.532772582024335861e-04
3.409599594306200743e-04
4.733116074930876493e-04
9.650730062276124954e-04
5.152144003659486771e-04
4.850756668020039797e-04
3.151613636873662472e-04
3.499888698570430279e-04
4.284047172404825687e-04
4.453592700883746147e-04
3.619288618210703135e-04
3.171292482875287533e-04
2.489948528818786144e-04
2.999758580699563026e-04
3.063883050344884396e-04
2.257700543850660324e-04
1.370660902466624975e-04
1.433073775842785835e-04
1.120748347602784634e-04
7.314070535358041525e-05
5.107168180984444916e-05
5.333078297553583980e-05
6.358994141919538379e-05
4.036918107885867357e-05
4.143505429965443909e-05
2.471334300935268402e-05
2.216331995441578329e-05
2.870190292014740407e-05
3.286416540504433215e-05
2.464381213940214366e-05
2.119435703207273036e-05
2.109864362864755094e-05
1.907372461573686451e-05
2.759908966254442930e-05
1.651683123782277107e-05
1.354523556074127555e-05
1.527574204374104738e-05
1.848562715167645365e-05
1.933145358634646982e-05
1.258841439266689122e-05
1.385695759381633252e-05
1.697619882179424167e-05
2.079428668366745114e-05
1.617483758309390396e-05
9.508472430752590299e-06
9.781818334886338562e-06
1.276906368730124086e-05
9.716483873489778489e-06
6.949185262783430517e-06
1.052847528626443818e-05
8.606148185208439827e-06
6.923473392816958949e-06
5.601064003712963313e-06
8.162825906765647233e-06
8.477840310661122203e-06
7.638651368324644864e-06
5.563088961935136467e-06
5.918218448641709983e-06
4.848959179071243852e-06
3.041488753297016956e-06
2.538601165724685416e-06
2.265003104184870608e-06
2.586201844678726047e-06
2.275368160553625785e-06
2.671451966307358816e-06
2.624783519422635436e-06
2.950769385279272683e-06
3.272981302870903164e-06
2.181566969738923945e-06
1.679568981671764050e-06
1.849304680945351720e-06
2.039436139966710471e-06
1.713490519250626676e-06
2.460632458678446710e-06
1.173142436527996324e-06
1.279297407563717570e-06
1.281137087971728761e-06
1.473450652156316210e-06
1.205572857543302234e-06
9.839420727075776085e-07
1.092736511054681614e-06
1.073589373845607042e-06
1.472361191190429963e-06
1.004482783173443750e-06
9.953398603101959452e-07
1.021496700559509918e-06
1.198378527078602929e-06
1.322280695603694767e-06
1.689327064013923518e-06
1.170399400507449172e-06
1.214837311636074446e-06
1.288292878598440439e-06
1.338268930339836515e-06
1.064180423782090656e-06
1.176223122456576675e-06
1.238418803950480651e-06
8.852646260493202135e-07
1.063649278876255266e-06
8.600329692853847519e-07
8.958117518886865582e-07
1.157565748144406825e-06
1.368463586004509125e-06
1.251871481144917198e-06
9.886530278890859336e-07
1.070145344783668406e-06
1.596851575413893443e-06
1.124063942370412406e-06
1.097602535082842223e-06
1.172808765659283381e-06
1.381783249598811381e-06
9.669618066254770383e-07
9.587135991750983521e-07
8.986361308416235261e-07
1.416675104337627999e-06
1.005876924864423927e-06
9.183291922454372980e-07
8.906697530619567260e-07
1.551147875034075696e-06
1.030954081215895712e-06
1.047317937263869680e-06
1.624288643142790534e-06
1.259141527043539099e-06
1.002149019768694416e-06
1.782459094101795927e-06
1.297627250096411444e-06
8.323848419422574807e-07
1.137122694672143552e-06
8.470583452435676008e-07
9.603953685655142181e-07
7.369743570961873047e-07
6.783797630305343773e-07
8.496579084749100730e-07
7.948228812892921269e-07
7.879174290792434476e-07
6.795101512580004055e-07
7.416572316287783906e-07
9.251339179172646254e-07
9.538384801999200135e-07
9.414991382072912529e-07
8.414663739131356124e-07
9.593477443559095263e-07
7.798606702635879628e-07
1.007194782687292900e-06
9.051930192072177306e-07
1.182142455036228057e-06
9.497862833995895926e-07
8.380669669350027107e-07
6.020143246132647619e-07
6.206751095305662602e-07
7.369648074018186890e-07
5.309497055350220762e-07
6.289524208114016801e-07
6.826442131568910554e-07
6.461239649979688693e-07
5.807569323224015534e-07
5.804405418530222960e-07
5.500367024069419131e-07
5.340606321624363773e-07
4.389719379105372354e-07
4.479260837797482964e-07
4.282702548152883537e-07
5.373782414608285762e-07
7.379156841125222854e-07
8.149082759700831957e-07
6.614906169488676824e-07
6.437281285798235331e-07
5.513951464308775030e-07
7.765059990560985170e-07
5.611957476503448561e-07
5.281516450850176625e-07
5.264954552330891602e-07
4.339997303759446368e-07
6.554079163834103383e-07
8.687811146046442445e-07
6.612983725062804297e-07
8.804838671494508162e-07
7.266750117196352221e-07
6.797906166866596323e-07
5.600685426543350331e-07
6.538585921589401551e-07
7.945157562971871812e-07
5.802086207040701993e-07
4.960127171216299757e-07
5.819503599013842177e-07
7.051472721286700107e-07
9.781822427612496540e-07
4.545599949778988957e-07
4.311875727580627427e-07
4.601033651852048934e-07
4.353558153979975032e-07
4.302455636207014322e-07
4.022519988211570308e-07
3.834045401163166389e-07
2.820372912992752390e-07
3.083044077811791794e-07
3.774737251660553738e-07
3.556068008947477210e-07
4.105489779249182902e-07
4.832367608287313487e-07
4.738781740343256388e-07
7.168221145548159257e-07
7.717750918345700484e-07
9.713922963783261366e-07
1.058580664903274737e-06
9.800592124520335346e-07
5.982520292491244618e-07
6.534576755257148761e-07
9.902264537231530994e-07
6.860219627924379893e-07
5.637471645059122238e-07
6.789496183046139777e-07
6.113257313700160012e-07
4.692746529144642409e-07
4.336601193699607393e-07
3.367411807175813010e-07
4.175254275651241187e-07
6.804155532336153556e-07
3.474597463082318427e-07
3.556393721737549640e-07
3.935287793410680024e-07
5.446428872346587013e-07
7.939248689581290819e-07
5.377851266530342400e-07
4.664206585403007921e-07
5.341548217074887361e-07
7.863172868383117020e-07
9.844798114500008523e-07
6.944003985154267866e-07
6.410374453480471857e-07
6.639662615270935930e-07
6.137867103461758234e-07
8.455778015559189953e-07
8.216244395953253843e-07
4.901215220343146939e-07
4.492420941915042931e-07
7.031572408777719829e-07
8.105921551759820431e-07
3.894012934324564412e-07
4.479566086956765503e-07
7.323050112972850911e-07
8.026432851693243720e-07
5.309747734827396926e-07
4.709961274329543812e-07
4.815281045011943206e-07
3.695214445542660542e-07
3.752570592041593045e-07
4.605680032909731381e-07
3.709423594955296721e-07
4.041722831971128471e-07
4.148818391058739508e-07
2.882161709294450702e-07
2.322870500393037219e-07
2.401218353043077514e-07
2.406086139217222808e-07
3.109863087047415320e-07
2.780140562208543997e-07
3.083081310251145624e-07
3.148348923787125386e-07
2.742639821917691734e-07
2.161646364129410358e-07
1.703593852653284557e-07
1.547864201256743399e-07
1.749356783875555266e-07
1.765402259934489848e-07
1.763386592301685596e-07
1.495141219720608206e-07
1.623385514903930016e-07
1.422373259174491977e-07
1.583711082275840454e-07
1.448885882382455748e-07
1.505013074165617581e-07
1.393344462030654540e-07
1.404970646490255604e-07
1.621047687194732134e-07
1.619311547074175905e-07
1.564012279686721740e-07
1.429108635875309119e-07
1.747061730839050142e-07
1.613894085039646598e-07
1.403003864197671646e-07
1.542587284575347439e-07
1.934753299792646430e-07
1.633127055811200989e-07
1.670363189987256192e-07
1.451313380584906554e-07
1.403073213168681832e-07
1.338792401384125696e-07
1.644731781880182098e-07
1.577070918301615166e-07
1.650953436183044687e-07
1.654287302699231077e-07
1.971139624856732553e-07
4.224324356982833706e-07
2.437975012981041800e-07
3.750960786419454962e-07
3.707267808295000577e-07
3.157636854211887112e-07
3.017813128280977253e-07
3.144992888337583281e-07
3.222244799871987198e-07
2.249792032671393827e-07
3.434722657402744517e-07
3.550041753896948649e-07
2.830312837431847584e-07
3.441710987317492254e-07
2.938757859283214202e-07
2.736053374974289909e-07
3.102031200796773192e-07
3.428704076213762164e-07
2.203101985287503339e-07
2.756227956979273586e-07
3.321554231661139056e-07
2.147518216588650830e-07
2.578852047463442432e-07
2.022428020609368104e-07
2.113016392968347645e-07
2.069664333248510957e-07
2.591182806099823210e-07
1.924093453453679103e-07
2.488503696440602653e-07
1.879748197097796947e-07
1.461725815943282214e-07
1.747578295407947735e-07
1.636736470800315146e-07
1.666631419539044145e-07
1.545164423077949323e-07
1.331949448513114476e-07
1.239409357367549092e-07
1.378382705752301263e-07
1.412497852015803801e-07
1.912613640797644621e-07
1.355883938458646298e-07
1.554863331421074690e-07
1.700895353451414849e-07
2.072406459774356335e-07
1.857906681834720075e-07
1.725399556562479120e-07
1.520009504929475952e-07
1.834727498817301239e-07
2.525101763239945285e-07
2.472222035976301413e-07
1.612436903997149784e-07
1.580909980702926987e-07
1.335587711537300493e-07
1.733326939756807406e-07
2.546074711062829010e-07
1.832916609600943048e-07
1.637433229007001501e-07
1.594805354443451506e-07
2.362403677125257673e-07
2.534893326355813770e-07
2.497700961612281390e-07
2.334745516918701469e-07
1.577604109570529545e-07
1.817428625372485840e-07
1.711382253688498167e-07
1.147065233908506343e-07
1.150199580024491297e-07
1.282789980905363336e-07
1.087682903744280338e-07
1.082941238905732462e-07
1.942334222349018091e-07
1.510424283424072200e-07
1.776186593360762345e-07
2.381119088568084408e-07
1.570783467741421191e-07
2.028531014275358757e-07
2.674872519037307939e-07
1.544705412470648298e-07
1.635925741538812872e-07
1.779179683580878191e-07
1.286556994273269083e-07
1.741182416026276769e-07
1.157035995902333525e-07
1.141419119221609435e-07
1.163628553513262887e-07
9.422979019291233271e-08
1.461998238028172636e-07
1.277733900906241615e-07
1.071100896865573304e-07
1.127732502936851233e-07
1.941484413237049012e-07
1.454451989957306068e-07
1.073506581406036275e-07
1.285870325773430523e-07
1.653704373438813491e-07
1.489155039280376513e-07
1.330468819560337579e-07
1.123320600981969619e-07
1.152579756080740481e-07
9.656156407800153829e-08
8.768029147177003324e-08
1.421830404524371261e-07
1.012965498148332699e-07
1.353388228153562522e-07
1.360284187512661447e-07
1.038496861838211771e-07
1.213422677892594947e-07
1.033560508290065627e-07
9.015970192649547243e-08
9.251631638562685112e-08
1.122308503909152932e-07
9.601609463061322458e-08
1.077539764082757756e-07
1.200898083197898814e-07
9.117816546222456964e-08
8.111287286283186404e-08
1.114227785592447617e-07
9.799899913787157857e-08
7.924310807538859081e-08
8.738209089642623439e-08
8.437126552962581627e-08
1.067922710262791952e-07
1.086191474541919888e-07
1.390183683724899311e-07
1.035487855460814899e-07
8.201119783279864350e-08
7.852803207697434118e-08
9.425484392977523385e-08
9.220794083830696763e-08
8.578974330930577707e-08
9.675041212631185772e-08
8.298994202959875111e-08
1.132913638457466732e-07
8.694843245393713005e-08
1.028458456175940228e-07
1.417973294337571133e-07
1.159349878321336291e-07
1.402586207177591859e-07
1.422255024863261497e-07
1.335665444912592648e-07
1.172276142824557610e-07
1.196823404825408943e-07
8.991800370949931676e-08
1.156428766080352943e-07
1.137867684519733302e-07
8.943240459302614909e-08
1.108260008209072112e-07
1.508812914607915445e-07
8.404678908391360892e-08
9.636461584250355372e-08
1.310916388774785446e-07
1.056519352005125256e-07
1.408096750310505740e-07
1.590343003954330925e-07
8.472213153254415374e-08
9.397945888167669182e-08
1.286727808746945811e-07
1.203211610345533700e-07
1.057504732671077363e-07
1.253099952691627550e-07
1.601256798267058912e-07
1.067534896037614089e-07
1.188790932360461738e-07
2.116098158921886352e-07
1.711498214262974216e-07
1.654525760841352167e-07
3.928760179405799136e-07
2.786927382203430170e-07
3.776734445182228228e-07
3.118057065876200795e-07
1.756628194016229827e-07
1.793311810160957975e-07
2.363872795285715256e-07
2.160965948405646486e-07
1.366133233204891440e-07
1.470059771691012429e-07
2.294026018034855952e-07
1.176990025442137267e-07
1.728004264123228495e-07
1.604038999403201160e-07
1.115580587907061272e-07
1.348460330063971924e-07
1.360145915896282531e-07
1.180544586532050744e-07
1.068400550252590619e-07
1.188681935104796139e-07
9.198554806744141388e-08
7.720994688042992493e-08
8.994062028477856074e-08
6.622974524361779913e-08
9.642735676607117057e-08
6.767738369717335445e-08
9.556755742323730374e-08
5.907238076474641275e-08
6.829924359408323653e-08
5.511321887752274051e-08
5.667137514819842181e-08
5.431918737031082856e-08
5.856731633002709714e-08
5.636968580802204087e-08
5.630766963804489933e-08
5.089934518309746636e-08
5.273653869153349660e-08
5.710228023758645577e-08
5.772740152565347671e-08
6.117785744663706282e-08
6.315615763696769136e-08
7.469523666259192396e-08
6.223363868684828049e-08
4.628342509249705472e-08
4.363915451222055708e-08
5.724442786458894261e-08
5.316528728371849866e-08
9.758478825006022817e-08
5.111083822839646018e-08
4.261389818793759332e-08
4.125686103861880838e-08
5.059391838813098730e-08
4.091182859156106133e-08
4.770329553593910532e-08
5.472532649264394422e-08
4.395590735839505214e-08
4.433383793411849183e-08
4.997375668835957185e-08
4.208600756783198449e-08
4.773787409817487060e-08
8.976795129456149880e-08
7.366529075625294354e-08
1.242937486267692293e-07
9.003127843243419193e-08
9.354749863632605411e-08
8.996710221254033968e-08
7.820918312972935382e-08
6.479422864913431113e-08
5.677662784364656545e-08
1.058075724813534180e-07
7.141693458834197372e-08
5.993426555050973548e-08
5.768826483176781039e-08
4.814537746256064565e-08
5.153950155545317102e-08
4.559587196695247258e-08
5.489505383593495935e-08
5.527531499183169217e-08
4.405874065582793264e-08
6.352217951643979177e-08
7.335660967555668321e-08
1.003694904966323520e-07
6.464870949685064261e-08
6.621128534334275173e-08
4.971532874264994462e-08
7.462540452252142131e-08
5.861575758103754197e-08
5.152852011747199867e-08
4.747228388168878155e-08
4.646601681201900647e-08
5.036750394538103137e-08
3.814898263954091817e-08
4.075678816661820747e-08
3.965079642398450233e-08
4.151345223135649576e-08
4.160742150816076901e-08
5.112783085792216298e-08
4.362325611850792484e-08
4.785661289474774094e-08
5.856168883155987714e-08
5.100135069824318634e-08
7.299556159523490351e-08
5.131319369411357911e-08
4.466583192197504104e-08
5.048478612934559351e-08
5.663934388167035650e-08
6.003195096582203405e-08
6.054753498574427795e-08
4.848670442925140378e-08
3.797999070798141474e-08
4.408279963286076963e-08
4.833377076352007862e-08
3.597744324679297279e-08
3.794770719878215459e-08
3.572672824248002144e-08
4.262398078935802914e-08
5.564571381455607479e-08
5.203886033200433303e-08
7.076788932636191021e-08
6.030766286357902572e-08
4.520774510297087545e-08
4.855924373714515241e-08
6.129426566303664003e-08
9.578101867191435304e-08
7.952341718464595033e-08
1.315234214871452423e-07
1.008702099625224946e-07
1.442180774802181986e-07
1.899227584090112941e-07
2.486125936229655053e-07
1.707325196775855147e-07
1.073393605111050420e-07
1.343126427855168004e-07
1.573177996760932729e-07
2.177410607373531093e-07
1.153936679543221544e-07
1.341510795782596688e-07
1.777095803845440969e-07
2.382099779651980498e-07
2.055012657820043387e-07
2.291343719207361573e-07
1.842591927925241180e-07
1.879404578630783362e-07
1.355444965156493708e-07
1.404893339440604905e-07
1.241610050328745274e-07
1.262702937765425304e-07
1.026181024599281955e-07
8.770578574512910563e-08
1.095136923368045245e-07
1.484425808939704439e-07
1.108081377765302022e-07
9.105750820026514702e-08
9.871901340829936089e-08
1.298858478548936546e-07
7.998806950126891024e-08
7.711520311204367317e-08
1.546461874113447266e-07
8.890163627484071185e-08
8.249636351820299751e-08
1.466501515778872999e-07
1.141374283974982973e-07
1.215809959376201732e-07
2.099665294963415363e-07
1.269744984710996505e-07
1.276783905268530361e-07
2.143703738965996308e-07
1.459902421174774645e-07
1.187178497730201343e-07
1.366342701203393517e-07
7.024704018476768397e-08
7.749989094918419141e-08
5.926407453671345138e-08
5.131099811706008040e-08
7.606394092363188975e-08
5.089678012382137240e-08
4.884147486450274300e-08
6.213562642187753227e-08
4.722762980691186385e-08
4.200848735536055756e-08
5.854599294252693653e-08
4.392116181861638324e-08
3.116364055699705204e-08
4.012579779555380810e-08
4.237343631530166022e-08
4.202237136041730992e-08
3.692947103672850062e-08
3.353932953586991061e-08
4.849739809742459329e-08
6.951467668159239111e-08
5.499216371163129224e-08
4.432963862655014964e-08
3.538011128512152936e-08
4.467800351903861156e-08
4.058256308780983090e-08
6.458012080656772014e-08
6.375603334163315594e-08
4.608756398738478310e-08
5.701289040871415637e-08
9.136475398463517195e-08
1.076749498452045373e-07
6.092054860573625774e-08
5.807689618109179719e-08
1.081336762354112579e-07
1.430046268069418147e-07
5.499790489693623385e-08
4.559169397566620319e-08
4.684851262481970480e-08
6.711161404382437468e-08
4.974927847456456220e-08
8.997528766485629603e-08
6.747690406427864218e-08
6.986461897895424045e-08
1.000574343379412312e-07
5.917925349763208942e-08
4.362809136182477232e-08
5.698903038364733220e-08
3.891105393449834082e-08
3.348180399598277290e-08
3.045250451805259218e-08
3.729445907652007008e-08
2.822259403956195456e-08
2.986485725386955892e-08
2.475798765999570605e-08
2.433173484917006135e-08
2.990065794961083157e-08
4.416214949287677882e-08
4.328126479435923102e-08
3.562115225008710695e-08
3.021405348135886015e-08
3.993179831240922795e-08
3.202058707074684207e-08
3.285325789192938828e-08
3.334356080131328781e-08
3.991426922311802628e-08
3.903374334868203732e-08
3.495809863807153306e-08
2.880954141915026412e-08
2.682272182141787198e-08
2.928082309949786577e-08
3.319374997090562829e-08
2.952027244873534073e-08
2.960112688299432193e-08
3.000921111606658087e-08
2.313501923367766722e-08
2.277580790632782737e-08
2.393057840777146339e-08
2.216920336195471464e-08
2.189708681044066907e-08
2.610406824032907025e-08
3.402567116950194759e-08
2.181030644976544863e-08
2.075178429095103638e-08
2.269557164424895745e-08
2.532618381678730657e-08
2.051659464541444322e-08
2.044011893076458364e-08
2.208599170216984930e-08
2.428287615430235746e-08
3.204498000286548631e-08
2.589696990185075265e-08
2.336674675973426929e-08
2.407535681925310200e-08
3.120217328955732228e-08
4.837968248239121749e-08
3.030714168517079088e-08
3.861244834979515872e-08
4.132011000024249370e-08
3.255834712945215870e-08
3.098600842577070580e-08
2.602545379204457277e-08
3.280456795096142741e-08
3.532604253564386454e-08
2.993153458419328672e-08
3.809642379337674356e-08
3.611685528426278324e-08
5.408639580650742573e-08
4.251777596664396697e-08
4.417501386910771544e-08
5.156608651191163517e-08
4.075118198443306028e-08
3.884412080878973939e-08
3.748083798882362316e-08
3.272679549581880565e-08
3.397241599145672808e-08
2.625585793225582165e-08
2.241140251157958119e-08
2.647409758083085762e-08
2.397751508453893621e-08
2.149985256494346686e-08
2.203378457465987594e-08
2.400386200918092072e-08
1.885437228565933765e-08
2.010716393385791889e-08
2.028023970979120350e-08
2.037258184373058612e-08
1.939630855929408426e-08
2.082098404798671254e-08
2.174826896350623429e-08
2.231358386950432759e-08
1.787998193947260006e-08
1.898296453362036118e-08
1.937155680309388117e-08
2.186979131124644482e-08
2.708023139064152929e-08
2.164147971939200943e-08
2.938379495276421949e-08
3.249800428761773219e-08
2.023024592290312285e-08
1.858362352891163027e-08
2.270672894155723043e-08
1.889662115672763321e-08
2.378149943638163677e-08
1.714977138078666030e-08
1.737121024802945612e-08
1.571926588894712040e-08
1.461279985903729539e-08
1.749483935498119536e-08
1.916248137945331109e-08
1.861371501377107052e-08
1.691272899506657268e-08
1.593769205499029340e-08
2.254189546135876299e-08
1.689602058263517392e-08
2.484674510583317897e-08
1.971546126355860906e-08
1.932757065503665217e-08
2.103248064599938516e-08
2.129202414380415576e-08
2.185656455822027056e-08
1.762450096975953784e-08
1.733662990943685145e-08
1.792981763060197409e-08
1.735152821424890135e-08
1.790941972501514101e-08
2.373721841308906733e-08
1.785451964053663687e-08
2.249709396551224927e-08
2.060303927464701701e-08
2.002212440288531070e-08
1.533377158580151445e-08
1.696032292386462359e-08
1.667633853230654495e-08
2.467151283269686246e-08
2.234289553371127113e-08
2.149174704868528352e-08
3.533903836228091677e-08
3.717022067917241657e-08
2.903962759148726036e-08
2.805545484818594559e-08
2.210619953757486655e-08
2.214693850532967190e-08
2.061185355728412105e-08
2.264094867143739975e-08
1.872049182338741957e-08
2.168142998471012106e-08
3.405879311912940466e-08
3.409338233950620634e-08
3.217119015630487411e-08
3.091217237738419499e-08
3.194912068238409120e-08
1.888396283789006702e-08
1.891800494036033342e-08
2.302319401792374265e-08
2.457284331569553615e-08
1.688164097402022890e-08
1.980711061833062558e-08
2.046224167884247436e-08
2.429980661133868125e-08
2.855029990200819157e-08
3.083715327534264361e-08
3.680283100493397797e-08
5.615071785314285080e-08
3.287858163503187825e-08
2.724924996755362372e-08
3.250340796512318775e-08
3.496383982337647467e-08
3.073683174648067506e-08
4.398270192496056552e-08
2.780399555035728554e-08
3.744324317267455626e-08
2.694239675804510625e-08
2.303709756290572841e-08
2.315645275530187064e-08
1.676310645848388958e-08
1.744760425026470330e-08
1.562367302199163532e-08
1.826488116307700693e-08
2.035492840946062643e-08
2.004997234905658843e-08
2.190827430581521185e-08
1.868151855433097808e-08
2.382762076535982487e-08
1.899996959764393978e-08
1.387519521500735209e-08
1.480127131969766197e-08
2.015392652765513049e-08
1.632221113823106862e-08
2.109631935809375136e-08
1.751357814328002860e-08
1.501519619750979473e-08
1.685605788281918649e-08
2.094474815805824619e-08
1.685601702661188028e-08
1.887225309360474057e-08
2.142053467935056688e-08
1.579919128857909527e-08
1.475572641851385924e-08
2.069760718370616814e-08
1.610446531685738591e-08
1.332783750029875591e-08
1.235161661838901637e-08
1.371070279532204950e-08
1.342396593884132017e-08
1.354673884179646848e-08
1.122532289343780576e-08
1.213710021374936332e-08
1.297921681242542036e-08
1.600734123030633782e-08
1.493119938800191449e-08
1.471194899238525977e-08
1.417325812269609742e-08
1.590312947996608273e-08
1.896304269166648737e-08
2.961797918032971211e-08
3.024925376848841552e-08
3.580094443123016390e-08
4.628107319604168879e-08
2.416055977505493502e-08
2.723088421419106453e-08
4.070582804160949308e-08
2.450624236871590256e-08
1.896548162960698392e-08
4.287113952727850119e-08
2.840811141879839852e-08
2.199257664869946893e-08
3.287969718712702161e-08
4.221967131456949573e-08
3.563692985153465997e-08
5.592969642975731404e-08
2.725495207300809852e-08
2.782696029157705198e-08
5.408017500485584605e-08
6.768063087747577811e-08
4.494350847039640939e-08
4.595062819134909660e-08
2.369649720890265598e-08
2.669914778152815416e-08
2.968558021620992804e-08
2.271457155700318253e-08
2.450979330603786366e-08
2.470913784691219917e-08
1.612908917536515219e-08
1.505052260597494751e-08
1.308582042724992789e-08
1.200003119095072179e-08
1.142572791934526322e-08
1.270253147112043735e-08
1.055270715255574032e-08
9.653185806257624790e-09
9.900991138067638531e-09
1.147315220606515140e-08
1.410719008276828390e-08
1.566395901875239360e-08
1.680108319135342754e-08
2.840306123630398361e-08
2.513872843223907694e-08
2.114786390450262843e-08
2.297495171887931065e-08
1.875260480233009730e-08
1.701679153143231815e-08
2.111512031888196361e-08
1.708136565525819606e-08
1.617888756300089881e-08
1.360706036734882218e-08
1.464675225548717208e-08
1.238078439769196848e-08
1.329971599517421055e-08
1.512739977727051155e-08
1.736845867128522514e-08
1.575666175313017447e-08
1.582578157410807762e-08
1.302915819678673870e-08
1.652351500069926260e-08
1.458469878201640313e-08
2.003603682965149346e-08
1.556819562154032610e-08
1.311107666879252065e-08
1.680002981174766319e-08
1.665097926206726697e-08
1.230742441293841694e-08
1.283305284260904955e-08
1.994162346363737015e-08
1.815920214198740723e-08
1.196357057864361195e-08
1.238116453805560013e-08
1.358047807542561713e-08
1.490011936056134800e-08
2.139335464335090364e-08
1.916414227309815033e-08
3.597343578576328582e-08
3.080203470062770066e-08
3.237169110548165918e-08
3.157629535621708783e-08
2.421644751393614570e-08
3.019185967900739342e-08
3.853894270378077636e-08
1.844598607192438067e-08
1.501793889246982872e-08
1.586367659456300316e-08
1.271079597131574701e-08
1.159201445943836006e-08
1.037748997845255872e-08
1.008375782873827120e-08
1.191542864376060606e-08
1.567751972686437512e-08
1.675103078468964668e-08
2.319887215662674862e-08
3.209049737051827833e-08
2.912403118671136326e-08
2.846909907816552732e-08
3.286984195938202902e-08
2.411409028013622446e-08
2.239894669742170663e-08
1.984655284559266875e-08
2.188214942577815236e-08
1.798370519168202009e-08
1.922889580896480766e-08
1.402699467689672019e-08
2.143456612202498945e-08
1.618822054183510772e-08
1.363497226236631832e-08
1.601112842308793915e-08
1.712738395553969895e-08
2.079229233231671969e-08
2.071642946077645320e-08
2.300826551504542294e-08
1.374350944161051302e-08
1.973233665353291144e-08
1.879911337709927466e-08
1.378488345693540396e-08
1.729085319368550699e-08
3.509008550395265047e-08
2.251838537858930067e-08
1.646569103286310565e-08
2.032496837500730180e-08
2.065270798823348741e-08
1.370103852593729243e-08
1.955006467824205174e-08
3.104371160134178353e-08
2.224293105257402203e-08
2.494944162378942565e-08
2.940050869426613644e-08
3.605130771688891400e-08
2.788091890693067398e-08
2.680071631289138168e-08
2.642371299543810892e-08
3.809950044342258479e-08
7.541244428921345389e-08
5.985054229995512287e-08
1.314546409503236646e-07
1.463507430798927089e-07
1.204750788019737229e-07
1.166621714787652309e-07
9.731792971479080734e-08
9.449803428651648574e-08
5.945876324631171883e-08
6.385927520113909850e-08
5.094591060128550453e-08
5.736789887578197522e-08
2.735043480583954079e-08
3.305099482986406656e-08
1.852387931933208165e-08
2.933110287983708986e-08
2.004449939363439626e-08
1.770693813796242466e-08
1.502371205219787953e-08
1.482745304315358226e-08
1.928177795207375311e-08
2.106755836450702191e-08
1.944956018462562497e-08
2.675226440373990044e-08
5.142018011383697740e-08
6.942364905171416467e-08
4.593251645701457164e-08
4.154667365696695924e-08
4.089023519782131189e-08
4.911379392069648020e-08
2.938982923694766214e-08
2.380226149512054690e-08
3.720449370803180500e-08
3.530817593855317682e-08
2.379844232791583636e-08
3.608050036518761772e-08
4.005523379646547255e-08
2.599855264406869537e-08
3.764698064401272859e-08
1.531001814214505430e-08
1.797499749045528006e-08
1.848197328513379034e-08
1.479693789718794505e-08
1.384243120128303417e-08
1.251529901935555245e-08
1.460850018730752709e-08
1.766377266676499858e-08
1.066567989482791745e-08
1.134022298288073216e-08
9.416366353320881899e-09
9.134593526027856569e-09
8.318356670145021781e-09
1.328333176786600234e-08
1.122593573654739885e-08
9.722191052219386620e-09
1.185429798766790555e-08
1.902391488783905515e-08
1.467331234294988462e-08
1.499019752770891500e-08
8.218277613991631370e-09
8.152067465516665834e-09
9.711990323069130682e-09
8.175232046880864800e-09
6.433993782195557287e-09
7.275724911437464471e-09
7.129409507200534790e-09
9.398494427159675979e-09
8.420930619479349843e-09
7.257694001339132228e-09
9.643582821183827036e-09
9.800677602811447287e-09
1.235152424783336755e-08
8.868445533494195843e-09
9.497608033370852354e-09
8.215081948037550319e-09
8.000466955593310558e-09
6.412424369273139746e-09
7.724293205058074818e-09
8.102812643073775689e-09
1.240236180422016332e-08
9.417560953295378567e-09
7.164901116851751794e-09
6.458147794319302193e-09
6.537927088601236392e-09
7.128931223121526273e-09
1.084009326746127044e-08
9.583541071833678870e-09
1.270406446707283976e-08
1.116541614720745201e-08
8.499892345525950077e-09
1.355451573203936277e-08
1.595678611465700669e-08
9.800040778884522297e-09
1.093633628101997601e-08
8.724974520646355813e-09
1.544660221952653956e-08
1.536378846367369988e-08
1.233108726239606767e-08
1.673256022627356288e-08
2.334969551043286629e-08
1.427941853648917458e-08
1.038972641254076734e-08
1.057204634946629085e-08
1.235691371448410791e-08
9.509428799958641321e-09
1.311492070499298279e-08
9.360396902025058807e-09
1.345602740343565529e-08
1.543543071136355138e-08
1.134959415338698818e-08
1.309380071035093351e-08
7.837973825530752947e-09
8.716445343281975511e-09
8.389994476942774781e-09
7.701032700424548239e-09
1.085862244565305446e-08
9.265800571256477269e-09
1.172609209731945157e-08
7.251820033360445450e-09
7.156401693464431446e-09
9.419380830877344124e-09
6.415925568603597640e-09
6.469028424049838577e-09
5.762107679885275502e-09
6.748617220608821299e-09
6.990918954841163213e-09
6.303969346532767304e-09
8.012658092582114477e-09
6.544537800579064424e-09
8.227811321148692514e-09
6.816539332987758826e-09
5.701410454861388644e-09
7.674841207006011246e-09
6.691167619976567948e-09
7.866142404111542419e-09
7.104313581862697902e-09
5.894368548808870401e-09
5.751088494321265898e-09
4.685245080793265515e-09
4.842889644862680143e-09
5.481942011442697549e-09
7.018912562273271760e-09
5.935675950752283825e-09
4.812851450708421908e-09
5.120237567268759449e-09
5.135893932362023406e-09
5.775896205761910096e-09
7.527384937588976754e-09
5.451859408367454307e-09
4.937431796747659973e-09
6.350768799734396453e-09
6.546617026259582417e-09
6.330147073185798945e-09
7.838998783427086892e-09
9.574032233672369330e-09
7.859844330937448831e-09
6.135573826782092510e-09
5.620834908626193283e-09
6.078905823159175270e-09
6.996725865349162632e-09
6.406422503602016150e-09
5.977031314330361056e-09
7.077104235975184565e-09
6.196702706517953629e-09
6.769278471097095462e-09
6.039047928396712450e-09
5.550477855109647862e-09
7.670644563972928154e-09
9.231136743892420782e-09
1.263487447999978031e-08
8.893143998989216925e-09
1.071544186714845637e-08
1.016513806462171488e-08
6.407801844687810444e-09
7.323804673831091350e-09
6.100384197793573549e-09
9.619308016795002914e-09
8.329874567891693005e-09
5.850479212199388712e-09
7.552499070584417495e-09
9.109355048053657811e-09
8.179008581521429733e-09
1.001279059664739179e-08
1.174630526179498702e-08
6.107863548265868303e-09
5.267924763074915973e-09
5.533544289448855125e-09
6.616571290862793830e-09
5.402725378189643379e-09
6.483284131775235437e-09
6.069348579273992073e-09
4.655782426254972961e-09
7.836540305561356945e-09
5.800715463522010396e-09
6.039039490701725299e-09
1.007705563438321406e-08
8.968577880352768261e-09
7.595743589661196893e-09
5.913113554356641544e-09
6.633650961873627239e-09
6.993517320807995929e-09
7.426335102422854106e-09
7.200399387841116550e-09
6.614955694317359303e-09
7.894088049908987159e-09
6.561336807209272592e-09
5.541667569275432470e-09
7.612489305586223054e-09
8.413370444770862377e-09
7.269864710224283044e-09
6.193054957748245215e-09
1.043009856260823653e-08
1.451155107190515992e-08
1.417705242090505635e-08
1.033826357854650269e-08
1.907649149757162377e-08
1.878156652423967898e-08
1.399710747307381098e-08
1.352498557594117301e-08
9.659027355723992514e-09
9.559090408117754123e-09
8.346529689617909753e-09
7.617826369710201106e-09
9.152628877018287312e-09
6.947510566845949143e-09
7.175849692231395238e-09
8.307235788151956513e-09
6.696712073761545980e-09
1.042005592921668722e-08
7.757151365694880951e-09
1.000626959068995347e-08
5.488987930846178642e-09
6.754418357957092667e-09
5.594294805177923990e-09
4.709438616856687077e-09
3.873387832697972044e-09
3.631911438262136471e-09
3.654723634838319413e-09
3.504984968927260525e-09
3.546631432982394472e-09
3.731492004277470187e-09
4.075841886219677690e-09
4.112795437549721100e-09
4.225424010684264431e-09
4.206702097775405491e-09
4.442013867844707420e-09
7.148719838312445063e-09
8.738235912630898383e-09
9.850253057663849177e-09
1.526702320120421064e-08
1.528943371909008420e-08
1.416007400223406876e-08
1.953225847728390363e-08
1.486214262769181005e-08
1.246720060521511186e-08
1.310055797176801207e-08
1.371297830843332122e-08
1.018170792121964041e-08
1.263167170861834165e-08
6.842816979713006731e-09
6.934044449735665694e-09
6.292284027153982606e-09
5.040928119370846616e-09
5.598502106352043484e-09
6.509925931652560394e-09
6.116913642273402729e-09
6.893358328596832507e-09
6.911250238772481680e-09
6.039014177616763845e-09
8.227152292761275021e-09
5.867398567005466248e-09
7.180316341504067168e-09
9.784796972667209047e-09
7.754533903892024682e-09
8.148130170582135179e-09
1.544541738951465959e-08
1.564075802207298693e-08
2.498274653817134094e-08
4.967674982481184998e-08
3.052767283406865317e-08
3.027798456400887517e-08
4.760647343005075527e-08
4.881051651750567544e-08
4.455064583908097120e-08
8.464959933007776272e-08
2.594629577856721880e-08
2.416549449435478891e-08
3.271633985946209577e-08
2.913058416709191079e-08
2.863954406961966015e-08
4.292382627113511262e-08
3.329317976863421791e-08
1.759546464086270134e-08
2.828196876691890793e-08
3.452926122804456099e-08
2.478741834011088940e-08
4.769600181475652789e-08
4.723817070839686494e-08
2.936489984506351902e-08
5.075001396903644491e-08
2.906717000428216124e-08
2.039601909586963302e-08
3.347432198097521905e-08
2.375894680994861119e-08
2.444222957365127513e-08
2.485076322500390233e-08
1.410075967100965499e-08
1.466333277022613402e-08
1.251061831908373279e-08
1.772005475686455611e-08
1.507076596851675276e-08
1.096833202041125332e-08
1.640038860273307364e-08
1.740046684517437825e-08
1.833111440419088467e-08
9.735654060705201118e-09
1.166785423833971436e-08
9.023298552790492977e-09
1.046893149947436541e-08
1.301076402171474911e-08
1.289066986487341637e-08
6.081991799078423355e-09
6.329273993799233722e-09
6.010365982689336306e-09
5.929547519656352961e-09
4.993775171158176818e-09
8.361318748484336538e-09
6.897806770211900584e-09
4.699485245396317623e-09
4.892840799186615186e-09
4.255905849959162879e-09
4.429776545578079094e-09
4.253118746078143886e-09
3.630192146886201954e-09
3.581762886284423075e-09
3.246976687520941596e-09
3.001630277665867652e-09
3.077867294365432826e-09
2.941104915166192768e-09
3.064246190120911706e-09
3.926750036242765418e-09
4.482990867415992398e-09
5.591909157942609454e-09
5.043361728240824959e-09
4.464552283423017798e-09
4.353025495618112473e-09
3.622851796336590269e-09
5.380411671751517133e-09
3.758853672763962095e-09
4.280396481703974132e-09
6.366391858136921655e-09
4.865748692850502266e-09
5.291892701819733702e-09
4.295065192394531550e-09
3.538558557281135108e-09
5.352980725348288615e-09
5.563891569693169004e-09
5.853649120979298459e-09
8.794483363772087614e-09
1.272286720421789141e-08
8.407901042062349006e-09
1.815831751628138591e-08
2.093307571726654714e-08
1.900917112607203308e-08
2.871447790653292031e-08
1.042874320233977414e-08
1.249540559911110904e-08
1.045075848082888115e-08
6.029095001025552847e-09
6.781871952910023538e-09
4.543182718919069885e-09
3.626480449270275130e-09
4.156230470897526175e-09
8.432148312920162425e-09
4.965153621583340282e-09
7.690028169804463687e-09
8.500688153390001389e-09
7.112340938419947634e-09
6.895998438949391129e-09
8.323901568019209662e-09
5.962444760143625899e-09
5.552476256553973144e-09
4.686235399731231155e-09
3.817621330171050431e-09
4.267795450374478605e-09
5.187750673485425068e-09
4.011980525575609136e-09
5.270762493125857873e-09
4.432753719640913914e-09
4.661369956693306449e-09
7.236558907663948048e-09
8.850676636029675137e-09
4.728293756528501035e-09
7.037760596517728118e-09
4.909890272131178790e-09
5.065289521155591501e-09
7.028309934042908935e-09
5.452080564793959638e-09
9.710849013799816021e-09
9.153458435662287229e-09
9.520013222186207713e-09
7.499750154238427058e-09
7.225390952214638673e-09
1.164769347639094121e-08
1.407557004284853974e-08
1.285401474149239220e-08
1.172440100560834253e-08
1.312789343899112282e-08
9.977275894357262587e-09
7.071284002790889645e-09
1.009969885501504905e-08
1.321040077328916595e-08
9.478477558388931357e-09
9.565322756088789902e-09
1.330072585403740959e-08
2.096402162976573891e-08
1.300985719154823528e-08
6.855476630818202466e-09
5.449892093167818530e-09
8.759341696418232459e-09
8.021086017606648966e-09
5.303518957333608341e-09
6.074324154781152174e-09
9.911572007581526123e-09
1.155848128320258184e-08
7.741606466993289359e-09
1.025564078105389854e-08
1.417901263067733453e-08
1.656538550776076590e-08
9.344916840348105325e-09
8.735661083392187720e-09
1.349717493326352269e-08
1.149108186382363783e-08
5.188099727604367217e-09
5.534393832107298294e-09
5.704893890623452535e-09
9.661783373360322003e-09
6.745399794283457595e-09
5.794616342313929636e-09
5.261128421807370614e-09
7.617853903241211810e-09
6.527937301825659233e-09
3.583528140893577074e-09
3.433307638189830868e-09
3.417213401135654749e-09
3.958085414978995686e-09
4.855007951221068652e-09
7.699964221785648988e-09
5.625743426662666025e-09
3.771583934053523990e-09
3.803919401690336599e-09
5.725694141034409768e-09
6.015929976399547741e-09
4.700853040162655816e-09
6.464341062439871166e-09
4.605803738400027214e-09
4.609185921822245291e-09
4.919498586275494745e-09
8.355510061619497719e-09
8.928537909014266916e-09
8.092039927021232870e-09
3.823604100006150475e-09
4.253589924729794802e-09
5.379347189915506533e-09
3.513061841431408538e-09
3.820038507740264322e-09
3.157514694152041557e-09
2.374751728595470013e-09
2.550039956972227628e-09
2.045412728080009401e-09
2.029105550249710177e-09
1.985747122290604239e-09
2.278952582202009580e-09
2.451199021535899192e-09
2.881195726445184846e-09
2.114240338357831206e-09
2.053699876825021420e-09
2.268948584571717220e-09
1.950754446866653780e-09
2.118740072276636965e-09
2.035782209475200943e-09
2.061258941310484261e-09
2.060585035934536791e-09
3.238777246394874965e-09
2.243836227933115879e-09
2.521287401080485324e-09
2.852009295395419031e-09
3.447384377963658153e-09
2.543709909375024836e-09
3.244250645906276986e-09
4.168121847669681301e-09
2.888040917525813711e-09
2.513269592441247369e-09
3.157758721172854166e-09
2.061579351675391081e-09
2.541941768186006811e-09
2.288548461848449733e-09
2.334825444094690283e-09
2.685922151357544863e-09
2.258025766366245080e-09
1.940468008498896779e-09
1.726148557423812235e-09
1.686145223445123520e-09
1.930642756775569069e-09
2.067093829438704233e-09
2.364072493321600632e-09
2.326915549133445893e-09
2.461548298526849976e-09
3.292847328140169338e-09
2.896980877409305322e-09
3.376925850062661993e-09
4.434108635820166455e-09
3.547041327323086080e-09
3.539964765764125332e-09
4.258975838666856362e-09
3.628851441561664615e-09
3.189655206625729988e-09
2.120339015476702116e-09
2.321565828466987114e-09
2.602924098482617410e-09
2.684864330859682013e-09
3.083929778213700956e-09
2.506147733782881915e-09
2.776886498523367663e-09
2.980300672916769145e-09
2.125480680348346141e-09
3.108108437288592540e-09
2.778201224629128774e-09
3.662471881327178380e-09
2.833884016339993650e-09
2.643284702230630501e-09
3.161974682086565736e-09
3.609460286213561631e-09
2.791876063668041752e-09
2.558670164631848820e-09
2.136832488730533441e-09
1.850005038050994699e-09
3.116470859154674145e-09
2.422114731004398891e-09
2.690430322971337773e-09
3.531492875907815687e-09
2.306980828592486432e-09
2.937656118362497182e-09
2.891632266965871167e-09
2.193823345209011677e-09
2.385712516428384333e-09
2.238326635151111077e-09
1.887887624008044440e-09
1.799854487671836978e-09
2.535592180663570616e-09
1.941223626289456661e-09
2.044214353347229007e-09
2.961740630524900553e-09
2.229586737456656920e-09
3.627883105039586553e-09
3.608089160778149562e-09
3.493057842973712468e-09
5.860456120387880219e-09
3.664247127943554005e-09
2.867652115767782561e-09
3.083144406446081121e-09
2.586988845365567613e-09
3.039855034359106867e-09
2.845052193833907950e-09
2.081828265332319461e-09
3.005300674985278420e-09
5.195746943797985296e-09
6.559929044414047894e-09
4.045258794604933428e-09
4.171478273917728075e-09
4.110737528151275910e-09
4.069867998168774648e-09
7.041125016371552192e-09
4.377294526847208544e-09
8.154754205236258713e-09
6.324112344913146444e-09
4.666521391527567175e-09
8.042889021453447640e-09
4.814549203757678697e-09
3.273852744456462460e-09
2.947936117436711356e-09
3.925487934708371540e-09
2.662702947020534339e-09
3.580592267127258310e-09
4.276186515994595538e-09
3.712611107431484925e-09
5.544976477978025287e-09
4.108942963654271807e-09
9.403219536352480645e-09
8.909331050688251707e-09
7.701421722572376893e-09
8.935416850874844386e-09
4.479238757681969219e-09
6.586302614408623413e-09
1.012205341766048150e-08
7.382450206705470919e-09
1.048037212569852272e-08
2.835151136082458834e-08
1.512430714001311571e-08
1.087252243792136142e-08
1.195127197206602432e-08
1.201279697937707169e-08
1.101152680149652952e-08
8.090039749220068188e-09
8.025843101222562836e-09
7.218725173174789234e-09
1.028676166470177122e-08
5.027677385527340448e-09
8.540036233739556337e-09
1.013521533366201766e-08
4.209354642625839915e-09
6.170003619132558015e-09
5.886292786527747012e-09
3.009222204752859398e-09
3.769210277226875405e-09
4.303940315253385052e-09
3.071727761039255711e-09
4.452290980339057569e-09
3.128683090380945941e-09
3.210472998560476299e-09
2.453230063537148453e-09
3.390862035601571733e-09
2.886466177187685389e-09
3.668509940268904757e-09
2.875637061805491612e-09
2.494799034025163564e-09
3.134492665424204461e-09
2.916319408186041073e-09
2.382244179699455344e-09
3.050552255245975175e-09
1.731878973565414981e-09
1.835364082936052910e-09
2.275023502917861151e-09
2.623319561578796311e-09
3.018169714152918459e-09
2.682499555817230430e-09
2.557858369556242906e-09
2.152388933751581135e-09
1.677305405678453099e-09
1.842653807315741687e-09
3.964823136470840836e-09
2.566120205216293471e-09
1.821639283861031799e-09
2.186824277217169765e-09
2.230591267249337761e-09
2.859233738661259849e-09
3.766011946737535254e-09
3.085611322006798218e-09
2.058000214688604501e-09
2.952112776455351195e-09
2.551974409570334501e-09
2.523075526283946601e-09
4.241792250780918039e-09
2.658599340676914835e-09
3.853732000180798423e-09
3.138975079863826068e-09
2.788604458459076341e-09
3.356907640750250721e-09
3.669132109251904694e-09
3.000940385078365580e-09
5.796588098405663914e-09
7.634429088909655547e-09
5.476397113568509667e-09
1.120278092514581658e-08
4.869595393586223508e-09
3.942135062828810987e-09
7.555046366292117455e-09
3.467340192742085492e-09
4.773070827468472999e-09
5.961333648940581043e-09
3.953135596646006888e-09
1.139489569368379307e-08
6.554017328852523860e-09
1.205484956301461352e-08
3.183146901619693381e-08
1.651955372494740004e-08
1.363619617222866509e-08
2.033900514675224258e-08
9.278924295585966320e-09
1.257329262926987212e-08
1.916805913992902788e-08
2.013469391215494397e-08
1.877368838165693887e-08
1.647443426122663368e-08
8.355064196052808256e-09
1.700167651108586142e-08
7.370199561762547091e-09
5.697386562530937226e-09
9.916114152019872563e-09
7.601181017946601060e-09
1.263694571207452100e-08
1.272846894551094010e-08
7.642618982117710402e-09
8.670589579651277745e-09
1.055265030913687951e-08
1.115380410254829258e-08
9.863440730839556636e-09
6.227397264524370257e-09
7.031084603426052126e-09
7.013747360673505682e-09
6.732197910253034934e-09
5.015516890694016183e-09
7.319285622031657113e-09
7.710582394793163985e-09
1.092717205608551012e-08
6.125362439490800170e-09
7.910289312462737144e-09
8.203090651193178928e-09
6.638983585105506791e-09
5.984118978119568055e-09
4.577854539888903673e-09
6.068590074903568166e-09
3.169087658960734188e-09
3.519941449425800784e-09
3.510501667136622928e-09
8.179303456756770174e-09
1.098133761701092226e-08
1.026379692348200479e-08
7.832922754857918335e-09
6.601250657212176520e-09
1.214011557948424525e-08
1.893605272584863997e-08
2.391265496726191486e-08
3.811496185335272457e-08
2.994847037030012871e-08
1.157224804870793378e-08
8.567202058884504368e-09
9.671037304315177607e-09
6.185397971592010435e-09
1.049744824399567733e-08
1.299117258213300374e-08
1.279452455094087782e-08
1.958582451777601818e-08
1.415903128076934081e-08
8.947597329722611903e-09
1.248117076357857513e-08
1.702743546161400445e-08
1.213998412907812963e-08
8.247882377077075944e-09
1.028092455612750200e-08
9.669777867316042830e-09
7.821729042234437657e-09
5.555729654105334703e-09
4.319851587553102945e-09
4.024272914904258869e-09
4.803463404812191584e-09
3.986404983891134179e-09
3.570953088782857776e-09
2.858161929353286723e-09
2.525506914707875694e-09
1.974735708287767011e-09
3.114731361719691449e-09
4.037159939684897836e-09
2.652659647495170248e-09
4.166883726952619327e-09
3.174980722775444519e-09
2.292943168669125953e-09
3.241507506857033150e-09
2.754801720072919125e-09
2.280857724912266349e-09
3.773497958547977760e-09
4.517277663040886182e-09
5.426374460881788764e-09
6.728221535468037473e-09
3.687382399419902868e-09
5.082708476322750357e-09
2.887512007276882287e-09
2.674775956279518141e-09
3.006767279600808251e-09
2.284242572869743526e-09
2.196027359957497538e-09
4.593242231010208343e-09
2.461081116678087710e-09
2.942986299103722558e-09
3.020429684141845428e-09
1.833672991224943871e-09
2.179774805100009871e-09
1.394933724085944959e-09
1.567203922192561549e-09
1.385990877622589323e-09
2.860804482196499521e-09
1.809088323589946867e-09
1.413444694620125119e-09
1.873187605028192593e-09
1.300311747165494580e-09
1.050130871149690392e-09
1.209970790227998805e-09
1.508274616313087790e-09
1.299459984061002160e-09
1.669088645073202315e-09
1.765635415651445328e-09
1.645272029726640994e-09
1.882816569320766575e-09
1.096125634703071228e-09
1.120820103395203660e-09
1.426839979501437483e-09
1.233846802506377571e-09
1.049674569486569453e-09
1.356387668849379224e-09
1.461545773295824802e-09
1.023458540139188244e-09
1.171641006436630050e-09
1.320414111383172440e-09
1.312012609666624030e-09
2.329460402350491677e-09
1.519599224231171775e-09
1.811559791065064928e-09
2.657591924304369968e-09
2.166196111375029432e-09
1.739981492221431836e-09
2.492131834230804088e-09
1.672359029036840639e-09
1.561040630093657455e-09
1.273067318230403089e-09
8.790460026553148509e-10
1.031830620945584087e-09
1.733939436476816809e-09
3.117658797791023062e-09
2.009550303938567595e-09
2.558460776569404516e-09
2.578000701802807271e-09
2.445072366796807728e-09
2.463308890199300549e-09
4.698694766602784512e-09
3.924513158892750653e-09
4.346346393901967531e-09
5.173783623746430749e-09
1.997707776979495975e-09
2.842068802522135229e-09
3.824196070922880608e-09
3.364902134705971548e-09
3.180018248727378705e-09
3.849975449554676743e-09
3.237515810994295862e-09
3.887122623780214781e-09
3.769559331345817554e-09
2.988870040354640878e-09
2.239776586421271531e-09
1.558949525026775973e-09
2.470914139962587797e-09
2.883682626020345197e-09
1.994610476785396713e-09
2.633962381537457986e-09
1.376996516810891080e-09
1.371699198671194608e-09
1.738013177821073896e-09
1.563433160711724668e-09
1.284993222938624058e-09
1.098503510377213388e-09
1.399539151236695034e-09
1.574445018803771745e-09
9.105382559049246538e-10
9.672109779756965509e-10
8.721312561021932197e-10
9.857646920963247794e-10
2.011910193999710827e-09
1.756866208069141067e-09
1.898035950631538071e-09
1.873264654506101579e-09
1.526919701788642669e-09
1.764172807838804147e-09
1.178829145409565626e-09
1.125170623339499798e-09
9.599081529643171962e-10
1.246601155635573832e-09
9.568266179371676117e-10
1.275501815278801132e-09
8.482812230425906819e-10
7.571362981018125993e-10
7.920750721979175069e-10
8.106620930092844901e-10
8.287620589797484172e-10
8.088211211898510555e-10
8.855584598954635567e-10
8.192503897497260823e-10
8.358083114501368982e-10
7.737872564916870033e-10
7.209904895333352215e-10
7.325073880792842829e-10
7.909044530407527418e-10
8.669788775783615620e-10
9.206639894898671628e-10
1.078559019873637226e-09
1.404416583028478271e-09
1.144767503014065824e-09
1.052717468752462082e-09
1.003755856210375441e-09
9.456961880260905673e-10
8.320759081748008157e-10
8.706676490888298758e-10
7.809780599998816797e-10
7.687892544794294736e-10
1.706080388075292831e-09
1.596946352933059643e-09
3.042548879506057347e-09
3.221966915489815619e-09
2.530823328683595719e-09
2.087866990407860612e-09
1.829484341797638081e-09
1.701135232679007459e-09
1.656286219287039785e-09
1.179852882060572483e-09
1.298375518210548307e-09
1.454193654382152090e-09
1.303182228795662922e-09
2.058395898174580907e-09
1.440827457344084905e-09
1.245508585157040216e-09
1.213942946165502690e-09
2.031352419606946569e-09
1.725052545253902281e-09
1.146353234560137935e-09
1.440223384996386358e-09
8.346501267908479349e-10
1.129283999645736003e-09
9.185313620818646996e-10
7.188050155093606008e-10
8.955371999519456949e-10
9.294142122584503340e-10
8.730101641596377249e-10
7.258273426735684097e-10
7.427928827574703519e-10
1.108120484261121419e-09
7.218404762809882413e-10
7.726022044352021112e-10
7.903305787593239984e-10
6.807545083198363045e-10
6.479715652929485259e-10
7.971663329442435497e-10
5.867024643890772495e-10
5.855216311800859330e-10
8.240660931413401613e-10
8.455640632121230738e-10
7.504067367491984442e-10
8.911421045532108565e-10
9.977816350925650113e-10
1.306769581432831728e-09
9.432270520193242191e-10
9.306664883190762794e-10
1.269186977737035704e-09
1.287356665713446091e-09
1.553268624832071509e-09
1.814684624790174894e-09
2.004530319510422487e-09
1.960004603063225659e-09
2.416058908494278512e-09
2.138561772113689585e-09
1.876791388966125851e-09
1.685310335730605402e-09
2.014551858664503925e-09
2.967105450224494234e-09
1.466955446005613339e-09
9.401058820301955166e-10
8.521177097264853728e-10
8.434977161186907324e-10
1.072762878528976671e-09
7.588041861517069719e-10
8.038762988604730708e-10
1.030658780543092234e-09
7.102309851347854419e-10
5.915387069066468939e-10
6.281258846385640027e-10
7.318181616255969857e-10
8.751070978973984893e-10
7.769108134603186500e-10
7.702594118086381059e-10
7.010787506089855015e-10
7.007642799372604259e-10
7.196847562340735749e-10
1.368437807514055748e-09
1.023026108271096746e-09
1.381558867308285699e-09
1.739841826164933991e-09
3.182555552427857037e-09
1.993641696174108802e-09
1.754654088692575442e-09
2.012626065805989128e-09
1.336249999539518285e-09
2.480050387276833135e-09
1.934652216206700359e-09
1.533040250301098695e-09
2.673119947615987257e-09
1.332847388013647105e-09
2.204989302256876726e-09
1.945824390503503309e-09
1.919226555457953509e-09
1.248391390262781897e-09
1.279043981838867694e-09
1.572386887360721630e-09
1.567962204518380531e-09
1.274065741796448492e-09
1.174227159950191890e-09
2.294984646766806691e-09
1.695193541095818546e-09
1.242591918249047467e-09
1.271175165129534435e-09
1.326642351529017105e-09
1.403190452720082249e-09
9.245979537553239425e-10
1.039149877257727894e-09
9.364430342273522001e-10
1.488350664935467194e-09
8.462837652878363315e-10
9.265205824782185573e-10
1.340956679030114174e-09
1.470782162726891329e-09
9.596471395312278219e-10
1.048700459804763341e-09
8.874017631832487041e-10
8.303294718459142132e-10
8.677506491139297395e-10
6.763485882466113708e-10
7.607827146038914634e-10
7.566370863187898976e-10
1.230032298238370458e-09
8.309056775956946694e-10
1.232354218672071511e-09
7.336796725709859857e-10
7.144192459840326137e-10
9.153074964629581700e-10
9.584411042595775143e-10
1.677781247266807441e-09
9.657920019279231383e-10
1.167001384416721521e-09
1.243215974611189267e-09
9.004346157581721855e-10
1.191536647127122706e-09
1.175738839620521503e-09
9.986467208733529333e-10
8.993092937004121268e-10
1.064915267079413752e-09
1.225905155166628901e-09
3.391807723573947442e-09
3.584535779310726866e-09
3.210654409002700049e-09
2.738880233721374680e-09
2.826422873525302748e-09
3.053647779083235037e-09
2.984350544465996791e-09
1.982142894263461130e-09
1.634324453547719713e-09
2.229129325570511355e-09
2.851611391463393375e-09
2.102247265156620415e-09
1.965791085467571975e-09
2.329699988479205786e-09
1.567638130417492448e-09
1.860513076934466881e-09
1.614686162554335169e-09
2.107844121468360754e-09
2.399514587025919354e-09
1.911089730910475737e-09
1.489963263878735233e-09
2.032022772269215238e-09
3.126357173144356238e-09
1.801826243763571256e-09
2.333227389073044833e-09
1.804252747206191998e-09
1.456728737636581172e-09
1.433516416682323324e-09
1.022994355892592466e-09
1.131997495740222348e-09
1.300412666438433007e-09
9.501101017050928021e-10
9.780775078738201955e-10
9.908988074514013533e-10
1.117881454071323333e-09
1.230890500636405704e-09
1.084930034700448687e-09
1.518222436658334118e-09
1.928661008676613164e-09
1.190686216290259836e-09
1.127877791162745780e-09
2.012487287927910984e-09
1.740083188650487500e-09
1.596044851837064016e-09
1.392307269476589227e-09
2.428276690835673435e-09
2.050010605714192025e-09
1.420631612347733608e-09
1.044528907812036778e-09
1.414329875437658757e-09
8.863045852791628931e-10
8.371547899344022881e-10
6.700400234649350750e-10
6.917887929169808103e-10
6.831775145599294774e-10
1.043374497911031540e-09
1.139216609935544966e-09
9.867558992127101192e-10
1.194450760522158816e-09
7.006518698560171288e-10
7.845160632236058973e-10
6.533553698062632975e-10
6.937563301612215128e-10
8.140663698696926076e-10
6.883917880173839876e-10
5.115223244978039929e-10
5.169469852184249703e-10
7.274666424805786846e-10
7.006646929319515493e-10
5.226298283034225278e-10
5.977587314021093334e-10
6.422842258047012365e-10
8.081249003311086199e-10
6.747491454461851390e-10
7.448042183000325167e-10
7.058303386209274777e-10
7.076528252270009034e-10
7.636741239380739898e-10
7.879180641268135332e-10
7.859488060368846618e-10
5.995092200450358177e-10
8.378961968702469676e-10
8.374021476242887729e-10
7.527816148211741165e-10
6.135082442071393416e-10
7.438321625308219609e-10
8.305649501494372089e-10
1.073528599349060642e-09
8.397780248969866079e-10
1.965766660561030221e-09
1.378950953423441206e-09
1.544209204951130232e-09
2.098328844013508387e-09
1.610179989341986584e-09
2.292412926152564978e-09
3.248057822702321573e-09
1.607224353605829492e-09
2.795048636983210599e-09
1.809277616615645456e-09
1.246479808258982303e-09
2.687046585236885221e-09
2.808828947209462967e-09
1.475774169534815883e-09
1.676175753750897002e-09
3.489800004530252409e-09
2.433059309581153684e-09
1.914664427005163816e-09
1.321387776975768702e-09
1.153649620277974464e-09
1.212596911770447150e-09
1.083728662365501805e-09
8.119521721638989220e-10
1.094089152609001303e-09
1.205702204742920003e-09
8.201730961054920499e-10
9.918440513345672116e-10
7.875042840055357374e-10
7.925228806549000637e-10
6.765085158733086246e-10
6.233341620642818270e-10
7.316691141845410584e-10
9.315133109311091175e-10
1.103287239345718262e-09
6.927330375994245060e-10
6.862148627106989807e-10
7.922319467112970415e-10
7.879866203985841366e-10
5.003427117067360541e-10
6.160667531673880148e-10
5.387523760447265886e-10
5.172146044785108643e-10
7.865906259674204648e-10
6.894328441475749969e-10
6.077825465133912530e-10
6.778684835673232101e-10
7.292875747744176351e-10
1.147444694815646926e-09
8.217116431730175918e-10
5.354763299436626767e-10
4.969584743719224207e-10
4.662781272202209948e-10
4.621281135541721596e-10
4.993364610683670435e-10
5.131557401227837545e-10
4.915468032606895576e-10
3.629874179011949309e-10
3.636499434911399931e-10
3.853020957844677241e-10
5.018720994343084385e-10
4.561760413857030017e-10
3.965022199459156127e-10
5.412778003588414322e-10
4.888546234482760156e-10
6.117898410096245243e-10
5.349872767013152952e-10
8.000505258287660126e-10
6.606566960165594082e-10
1.052169351645204642e-09
9.683592816500663503e-10
6.481988279460892954e-10
5.500634392419101459e-10
6.048258560653607674e-10
6.664964136149365004e-10
6.411371988868097560e-10
1.361515789000122822e-09
1.632296520170939402e-09
8.942749873952493544e-10
9.502043596398834779e-10
1.435252028336719832e-09
9.904549402861562157e-10
7.201613749785451546e-10
1.326730947326382193e-09
1.171334584881833507e-09
9.025015179631168394e-10
1.959023832043271796e-09
2.097458207117597340e-09
2.033652357624760043e-09
1.599887555769896608e-09
1.817051398234070803e-09
2.514415342602660530e-09
1.463709820015424157e-09
1.100462387881862014e-09
1.256735937538167036e-09
1.944200578307686555e-09
2.065547732854611240e-09
1.357796652889931011e-09
1.364610979770475296e-09
1.817920036728537525e-09
1.501592516994776361e-09
1.194671472859454298e-09
1.413950845297051728e-09
1.344414468640309224e-09
1.168110719262926978e-09
9.173265480555414797e-10
1.508120073268059969e-09
1.547995731598916791e-09
9.408256396170600055e-10
1.484266265450173705e-09
1.432532537037900511e-09
1.083209300034582157e-09
1.515180869660071039e-09
1.328588461468882542e-09
1.196060472885562831e-09
2.382209762785691964e-09
9.024717639860568852e-10
9.606573314613342518e-10
9.707901149624831305e-10
8.113124616571099068e-10
1.071822630649421626e-09
9.796750077839533333e-10
1.143177330575895212e-09
9.315002102994185407e-10
1.031296936737646774e-09
8.214103286441343243e-10
8.495791847806799524e-10
9.839721260007650017e-10
8.569163156835202244e-10
7.706731919299159017e-10
1.244790714949317589e-09
9.250834542839925234e-10
1.047343878290973862e-09
2.115561725801740067e-09
1.892847434348254865e-09
1.172265728932586626e-09
1.309687247541546640e-09
2.150674749401559893e-09
1.918079473028910797e-09
2.001024235198656243e-09
1.566138441155828787e-09
2.937967424898602076e-09
2.043117008909689503e-09
2.644982899369097140e-09
2.882828642469803526e-09
2.656528552691383993e-09
2.831578971296266900e-09
1.792568316005827000e-09
1.615293121481897742e-09
2.060418946570052867e-09
2.527826836740132421e-09
1.636748958588896130e-09
1.794726589565698305e-09
3.638906065361879882e-09
1.826059192744367010e-09
1.476527233812419126e-09
1.024005991112630909e-09
1.090883383625396164e-09
8.922893535157072620e-10
1.129290883028488679e-09
7.466733897842914303e-10
6.112148009940199245e-10
7.219414510650778993e-10
6.616771575096436209e-10
4.333060854566639364e-10
3.759466626895857644e-10
3.761176925465292697e-10
4.578696588541930623e-10
3.881114873927060671e-10
3.323494257578829547e-10
3.704605511245517846e-10
5.489241283740398103e-10
4.765435823728125797e-10
4.287908916822402716e-10
4.673337272720345936e-10
5.521245127759755178e-10
4.892373728360155383e-10
5.040500239417156081e-10
6.059156509863328210e-10
6.576683642123271056e-10
5.816914727674316055e-10
5.480851328343305795e-10
4.417048671268020144e-10
7.141828239909386866e-10
5.491194721152226066e-10
4.187353797036053038e-10
4.263356334632817379e-10
6.041210864893287180e-10
4.576452550253407026e-10
4.229823158397039151e-10
4.217177718146558618e-10
3.581606955460614472e-10
3.506493984062331037e-10
3.212081711723158151e-10
4.059185210181226466e-10
2.522540232252623582e-10
2.841116508722763001e-10
2.371627616515326054e-10
2.592469017237419848e-10
2.286572875487280498e-10
2.289769762686688637e-10
2.601445170391514239e-10
2.721523839621653451e-10
2.931319631471751563e-10
5.643656653120388000e-10
2.818282274219541250e-10
3.522556690782607802e-10
2.564486956124767403e-10
2.928180198313867777e-10
3.775655343929429364e-10
3.040827312172922348e-10
3.134482950972738990e-10
4.523357799435245852e-10
4.132947872825809554e-10
3.014905824993974193e-10
4.484060622811369967e-10
4.485582461022374900e-10
7.114300260013806110e-10
4.393745367536894264e-10
3.968745609927992746e-10
2.358920281331222668e-10
3.175174012604031759e-10
2.952785238541366652e-10
3.265086534476324687e-10
2.720143554846288225e-10
2.584182867693129992e-10
3.071284615518976580e-10
2.824688816183140716e-10
2.995815817641300782e-10
2.644961472064721875e-10
3.082759048034233729e-10
3.015116767368652972e-10
4.957763088953015540e-10
2.860247594327347542e-10
3.998996411791466699e-10
5.856675144855216786e-10
4.016994237243665111e-10
6.439793143186989255e-10
4.087793992191279813e-10
6.694396148532177904e-10
4.917217188982192511e-10
5.229781052662474394e-10
7.636432042268381792e-10
4.009578780106437534e-10
7.305457350170740938e-10
4.659120311778508494e-10
5.904277067259044998e-10
8.088094638480924914e-10
3.707060491908720223e-10
4.592282665250024820e-10
5.277094317079900065e-10
4.563465161311341944e-10
1.026123408465196007e-09
1.116472136963864159e-09
1.114985992423100924e-09
2.509936258832112799e-09
8.889640690235012244e-10
1.896377721521957938e-09
1.192341891886883332e-09
1.079592415464958322e-09
2.224766593172944340e-09
8.074684809677989961e-10
7.247913935692906762e-10
1.025093454565251250e-09
5.985281159581745669e-10
4.940953202137166045e-10
3.819749239131198237e-10
4.004895581832812468e-10
3.596972164565670482e-10
4.061241898334344569e-10
3.964509276421779305e-10
3.259110203934767469e-10
3.932049685850813603e-10
3.785044777604440469e-10
4.262347141903433112e-10
3.009568982914601065e-10
2.720623171192926293e-10
2.932888099049790753e-10
3.743669263478466291e-10
2.908043528204729000e-10
3.589231967193740047e-10
4.055130953251051551e-10
4.561420685611494719e-10
4.237544759533307115e-10
3.392134351187792163e-10
5.294013005752162826e-10
9.265185285656230008e-10
5.587168505627460036e-10
7.930817669254963675e-10
9.217888674584173714e-10
6.598473989427589004e-10
1.181160502738975993e-09
1.168499408343848245e-09
7.589976425137479055e-10
7.398092138899414749e-10
4.826227195664500869e-10
6.265165053420673758e-10
7.011877745100036918e-10
6.710118571895407058e-10
4.101926021071733430e-10
4.553906141069319347e-10
5.026045135636536543e-10
4.214270321600821489e-10
4.932060315709918541e-10
6.600265889389334006e-10
5.638856603873421136e-10
6.052089940311589089e-10
8.317996291751228455e-10
7.248835975914857954e-10
9.398417599726371918e-10
1.142586469882189704e-09
5.825037119322473700e-10
4.262328823223526797e-10
4.110415896541042002e-10
5.379783285519579294e-10
5.433173910773803073e-10
7.415328351356720304e-10
8.135070395098864537e-10
5.202531183634562240e-10
5.508352662886295548e-10
4.964517685834834992e-10
4.510188889028654557e-10
6.336475788515372187e-10
8.692296882273353731e-10
6.027600640834407386e-10
8.005385243592400002e-10
7.393375911490807084e-10
4.096703531963896694e-10
3.796694070246076080e-10
3.244353674602962201e-10
3.654243574402471495e-10
3.331219189384171386e-10
5.516530010574172138e-10
8.543210583411564585e-10
5.296120764164413686e-10
4.057610358820795682e-10
4.304507306152061119e-10
5.434327987607900923e-10
4.747326420861952556e-10
4.093594352383433943e-10
1.438454022562041246e-09
1.200982868709843387e-09
9.947144219424330913e-10
1.241540203977820056e-09
7.480300823203833716e-10
9.777463283455745113e-10
1.514337988339775620e-09
7.521193667869852106e-10
1.475826683083880653e-09
1.532738158616098190e-09
1.462310494915186609e-09
2.033484935992646570e-09
1.597810994624637715e-09
1.850191999608341575e-09
1.417813089155117723e-09
1.437359342659760841e-09
2.303551127624814399e-09
1.514376957167939963e-09
2.109981078746159255e-09
4.433403866244134406e-09
1.740319444110127733e-09
4.435113609702057147e-09
1.820920747519494398e-09
1.689845152696989317e-09
1.921301784335582852e-09
1.031730145761855511e-09
1.058542808962670279e-09
1.095345925072876980e-09
1.099076052391012581e-09
9.466920580791793327e-10
7.490000841769983708e-10
5.941787617480542849e-10
6.116422923696518410e-10
8.662136563586386728e-10
8.319553379543265237e-10
6.111182671020287671e-10
8.316082822368286998e-10
1.046738917764855614e-09
6.823559495217068616e-10
8.276637708526379811e-10
7.888736330841084055e-10
8.039477972232589309e-10
6.490284421012404437e-10
8.708237464460921728e-10
9.847740400914517522e-10
7.192234585673418223e-10
3.760078359782426105e-10
4.643006812354855128e-10
3.284997829311464557e-10
2.876543447882795590e-10
2.027272377747024734e-10
2.269558013745509584e-10
2.390817266384459572e-10
2.978274293852223309e-10
2.830794210151310608e-10
2.980501678795377529e-10
2.528182385663768628e-10
3.553460858896073660e-10
3.457214792224050370e-10
2.990378500378199078e-10
3.233373568889419403e-10
3.159289496679207332e-10
3.241771850959196399e-10
2.488515504772692566e-10
2.918126296158618516e-10
2.850906177798151475e-10
2.353411632238788798e-10
2.795069176109166165e-10
2.781225805215115088e-10
2.902121598591378415e-10
3.665840964117705880e-10
4.333618186525001192e-10
4.225948480041097355e-10
2.886439975924304235e-10
3.216150679108409349e-10
5.087091303757063088e-10
4.416491061753902159e-10
4.448968971004774176e-10
4.756760541013704824e-10
4.439304757131168344e-10
6.459339729758539761e-10
5.237785760670021773e-10
5.193657170998733363e-10
7.389422407300116902e-10
6.043506806108212004e-10
3.048686025852731518e-10
2.887694527942130662e-10
3.315052121699579857e-10
2.739491411496430828e-10
3.258118219662264892e-10
2.524118691837884398e-10
2.891746564426256327e-10
2.486034433868411497e-10
3.356579181268415368e-10
4.569060407799696577e-10
2.730640991099875237e-10
3.696365435956749934e-10
3.019984540220121971e-10
2.325952763726490957e-10
2.438267643345426450e-10
2.457491432572567192e-10
2.113303698703106193e-10
2.014026861951734304e-10
2.410409372100019709e-10
2.120560255169934294e-10
1.987637554545784724e-10
2.237863783172144849e-10
1.766138485459478602e-10
1.680123262737254208e-10
2.388528819174950968e-10
2.290194978105120072e-10
1.893740858571746344e-10
2.455317893446107291e-10
4.763052174894255586e-10
4.243635998157913036e-10
3.208122101305832530e-10
5.715414808094010368e-10
1.018394701901570443e-09
7.698440218639746035e-10
9.481779805753376422e-10
6.093019977448932423e-10
1.108901193092037829e-09
1.560400697542263515e-09
1.483543954350352578e-09
8.129138473478292326e-10
1.182905440266779351e-09
1.102084312698536905e-09
7.849749183996834745e-10
1.160197049543398862e-09
7.872985596790726959e-10
5.850241957539026316e-10
7.611720143074762746e-10
1.117244852189003268e-09
4.943440101712326395e-10
4.879532333745828510e-10
6.662984053384946037e-10
3.971668549596074627e-10
2.495824102943799971e-10
2.979130275804209305e-10
2.729136083789995837e-10
2.531069243083550191e-10
1.971068031014766575e-10
1.553050049674098432e-10
1.967160878635354493e-10
1.883086464538052951e-10
1.871691412969056501e-10
2.168494411813881584e-10
2.895189088469862781e-10
1.981315389532056770e-10
2.867952819674002285e-10
2.049315855900957217e-10
2.224178757836980935e-10
1.894631951326886110e-10
1.607316640894751458e-10
1.586845377321566275e-10
1.206475336301693346e-10
1.289354317757229751e-10
1.290475226678466925e-10
1.645405200978444782e-10
1.836534813115520137e-10
2.895260975410707260e-10
1.647330744036779038e-10
1.644896441277410304e-10
2.297520507177353011e-10
1.903681101644849605e-10
2.578825764043557456e-10
2.481857774849771658e-10
2.862497461286750422e-10
4.331372760457696813e-10
4.549662313557689686e-10
3.273157300753837262e-10
4.378882256794724981e-10
4.079879767360239384e-10
5.302374095350614880e-10
4.110298212900431736e-10
5.698678195997786133e-10
6.521498896461253025e-10
4.122975016951357929e-10
4.696477096111095761e-10
4.487678284537111040e-10
4.776302131581644517e-10
5.017466997436770271e-10
4.720073221164966526e-10
3.864768505223992179e-10
4.667134456681765187e-10
3.577127483112008122e-10
3.483739685616882298e-10
4.578800116838976919e-10
4.444205836673376098e-10
4.849821655383834695e-10
4.502689332497311625e-10
6.269178509654693698e-10
6.413791164838755776e-10
5.850556150654995236e-10
7.125894319059966620e-10
6.727471357770298255e-10
7.623145448221180231e-10
6.042837896735875347e-10
5.342246645057002752e-10
7.687815384294083287e-10
4.502050954258152160e-10
4.659554408981136930e-10
4.927518393316177026e-10
5.899167265788207715e-10
4.606593995148955401e-10
4.755492111208070583e-10
7.338814000945603766e-10
6.801263996436546222e-10
5.998738727974739504e-10
5.651175083443149560e-10
1.114306646954332791e-09
9.010281409871367941e-10
6.724679701974878299e-10
7.441922633688591304e-10
1.085236012166035380e-09
7.683407798886321416e-10
6.076962266732266471e-10
5.570079952832429626e-10
5.269661373930034642e-10
6.306661859412088234e-10
4.996441038684906744e-10
3.983742224988873204e-10
4.749999837905249933e-10
5.401922797965141854e-10
3.355618560796358452e-10
5.544439352078711636e-10
4.782801377167800183e-10
5.197710040150127497e-10
5.678862380342764027e-10
2.812860500078784298e-10
4.699962641296906440e-10
6.038187727597232879e-10
4.274176845786570311e-10
5.055966756373209137e-10
4.607386416832781606e-10
4.397655573029624065e-10
5.120760482313357898e-10
3.123608871558047895e-10
3.325492103911642516e-10
2.653751385306435395e-10
2.058582193598113008e-10
1.791453929644859500e-10
2.033765100772910728e-10
2.249221503491938279e-10
2.459428771750538090e-10
2.295272721886121303e-10
2.798558607075563032e-10
3.974999773781462409e-10
7.668489176992920875e-10
4.826758437381784006e-10
5.007283476743396022e-10
7.377616850767765300e-10
6.362605997622949872e-10
7.700531323706627518e-10
4.972737777109159651e-10
4.095074279675259277e-10
5.942691894134100039e-10
6.707110977721697509e-10
5.464039221081407049e-10
9.012052215595645066e-10
1.079160427686076673e-09
9.942732193124470541e-10
1.915167580079923937e-09
2.004010069001083139e-09
2.388836017885864749e-09
2.376530972014734289e-09
8.586296118551217660e-10
1.931734772142590373e-09
1.175059050062543520e-09
7.533218493449567177e-10
7.968858350970720039e-10
7.665450496574521821e-10
4.974441414340446954e-10
5.434119820790783706e-10
5.091120303113427781e-10
5.284722104370587203e-10
6.210616465551765941e-10
4.066407488512169266e-10
4.053504198964219540e-10
2.667055187810518646e-10
1.706376706600565285e-10
2.467262227856537038e-10
2.624269412887514363e-10
2.767277240689480777e-10
1.986586312119342779e-10
2.032311818833676398e-10
1.632460139289193535e-10
2.504172147421712680e-10
2.227676931809696725e-10
1.573741692517671709e-10
2.233457030431651447e-10
2.569412738129273066e-10
1.978104624544840817e-10
1.581358377578112595e-10
2.420256495216932535e-10
5.611874298594443644e-10
3.089252742505266269e-10
3.629974654195677886e-10
3.107014368008975680e-10
3.104349000082606835e-10
3.884467192349916331e-10
4.046531443258061245e-10
5.965593019574555456e-10
8.706367848887452965e-10
4.255024665944517892e-10
5.786439105648355508e-10
3.337738974096282618e-10
4.084824978267675988e-10
2.857307723758140128e-10
4.065706382672118480e-10
5.377134293382823671e-10
5.227658861350903408e-10
4.403692133170267198e-10
4.850017609747681036e-10
3.404644344229268427e-10
4.696890654187768632e-10
6.103738070528663684e-10
2.861986758695422850e-10
3.621482835836076219e-10
1.738840738063629487e-10
1.827439588542034699e-10
2.049432984430055171e-10
1.569592233963135186e-10
3.109628943231967924e-10
3.068067744305125188e-10
3.300059114863529430e-10
4.065625613947076999e-10
2.620642036710307821e-10
5.754807741453760173e-10
6.248992989732471415e-10
3.471423981604715436e-10
5.627265320384822189e-10
6.671808661096179094e-10
2.685871802743378112e-10
4.422788801861088359e-10
3.895959665989323639e-10
2.363254314463603123e-10
2.348622962777824341e-10
2.319030106834318872e-10
2.292236400691649578e-10
3.599786579933095254e-10
2.446196578631543161e-10
4.659228558523409447e-10
3.002071924385063539e-10
4.052562729839337408e-10
3.811071735970728014e-10
1.929253701238309304e-10
4.847280909991980025e-10
2.524919717750151449e-10
3.530229997217304572e-10
2.567337453740492492e-10
2.272194515873238174e-10
4.019941046706776433e-10
3.682201210608582187e-10
2.544434107853987825e-10
2.969743895242515919e-10
1.893306483813361751e-10
2.034483970181355517e-10
5.822654025600115801e-10
2.580902991322631124e-10
2.406257415543677780e-10
4.686024346334249913e-10
2.845830793241077572e-10
2.109521446413964441e-10
2.150560146629842961e-10
1.433392016192414076e-10
1.702271101855501456e-10
2.048209657434796327e-10
1.745472100189715547e-10
1.275646810405817178e-10
1.109300568069571113e-10
1.856517994891504486e-10
1.432912677401532164e-10
1.477834105090281014e-10
1.545455291518393892e-10
2.646532160088810315e-10
4.384598795148519912e-10
3.659168523739708689e-10
3.772107348698483520e-10
3.682349980493881958e-10
3.358597289171427747e-10
3.008522875269648011e-10
3.017497363089205464e-10
4.316817181493348698e-10
4.965391431355214991e-10
7.343469166087857047e-10
1.299994334402754248e-09
1.542566074874685000e-09
1.260946458359057942e-09
5.050296847386448462e-10
4.385103946624724358e-10
4.614388871004848625e-10
5.139764169825866702e-10
3.777781421021586539e-10
5.937587088666873569e-10
5.109063172525907248e-10
4.297360245431036674e-10
4.446844559247153938e-10
3.361675937618713306e-10
4.140011666819987113e-10
2.730720094490379779e-10
2.761726958233623463e-10
5.104143774303793180e-10
3.084872357561607714e-10
3.529688485937043652e-10
2.390369013838267165e-10
3.262323466923788828e-10
2.700881740480554072e-10
1.686821932134208168e-10
2.621163286420369332e-10
3.720812546958995881e-10
3.423379357769817943e-10
4.607242365395336492e-10
4.523461050176535991e-10
6.721712075830055255e-10
5.759090981882764027e-10
1.141531980053400730e-09
1.049367925887167985e-09
1.409759642356789300e-09
1.259971682543437055e-09
8.478208135542786295e-10
1.022652074134100531e-09
6.965324983454479479e-10
3.402573500732586353e-10
4.144240783876540490e-10
3.416472937889381001e-10
2.761525452754653998e-10
2.431541079594978783e-10
1.585439279860878514e-10
1.979478525537814448e-10
2.599279125270470558e-10
1.864600696066531782e-10
1.606564326017689837e-10
1.555600648295296651e-10
1.787885672843714246e-10
1.256608567201666915e-10
1.254656101234985499e-10
1.813227346048051913e-10
2.176335223147418674e-10
1.414608152838781052e-10
1.541300975738124635e-10
2.346748351200744764e-10
2.069850540964424113e-10
2.306737578727791060e-10
1.920270609190311006e-10
1.410964955983473601e-10
1.433492491376142652e-10
1.059706281059114019e-10
8.070741297494521405e-11
7.926688472270626562e-11
7.538467072798482604e-11
7.304642307692787995e-11
8.757840286310880629e-11
7.983371602682254320e-11
7.272944746450349385e-11
8.192316963695489562e-11
6.008769870557983950e-11
7.204839502783499938e-11
7.230513410227956683e-11
8.022067732316173760e-11
9.830489200446379527e-11
9.609552042988411813e-11
1.438761609851013645e-10
1.743497846096175863e-10
1.169098151621028592e-10
1.274264305184402701e-10
1.666581594950145018e-10
1.154069201314555926e-10
1.248914305307380346e-10
1.627795676029109018e-10
1.470053245800073682e-10
2.350894756641963568e-10
2.193339398992577571e-10
1.631494661591403883e-10
1.861820697612870390e-10
2.194759790574707381e-10
1.517185821420241609e-10
2.544542909710401091e-10
2.628825768180576006e-10
1.980355740505146400e-10
1.769132618179014571e-10
9.640316323000774901e-11
1.287034506747275486e-10
9.708814308062585496e-11
9.256284627667810128e-11
9.132065936778843707e-11
7.868906914954010290e-11
9.222987651380520902e-11
1.235035684832297420e-10
9.498397207652331531e-11
9.771179698692122884e-11
7.578968008736808315e-11
7.768244381090028128e-11
1.026686166638590691e-10
9.442197024256415716e-11
9.138222123450390200e-11
9.265278821946054677e-11
1.561487883439127700e-10
1.914850639161969070e-10
1.418208050996128122e-10
1.450717879158958112e-10
1.380899283809355893e-10
1.271541621994387583e-10
1.123692180970969900e-10
1.911353991745912140e-10
1.707033125963874909e-10
2.557862810448341406e-10
1.429822371612488041e-10
2.016015965278228350e-10
1.815985556374855037e-10
1.049768050265242891e-10
3.293019468220137469e-10
2.713599345227635240e-10
2.567792090069076494e-10
3.639371026764592898e-10
2.102055196573360263e-10
3.556278882488328463e-10
2.502212603783249278e-10
1.887420775226189562e-10
4.490339211571381384e-10
2.725339953713046270e-10
2.303591484231759523e-10
5.444873441007302972e-10
3.658570946196704199e-10
2.622206340952004666e-10
4.595443470201132641e-10
1.676242200598920817e-10
2.307474211704629852e-10
2.976001112209303301e-10
2.349898609033118646e-10
2.103766327810063785e-10
2.506946872316007102e-10
1.843695196512840084e-10
1.658152226635678517e-10
3.356189770542528095e-10
4.752802595930916141e-10
2.518914243854197821e-10
4.134977915626336653e-10
2.717860936307658903e-10
1.753864831144369418e-10
2.799044329648836538e-10
4.546208687283836980e-10
2.576163171674750174e-10
2.842406032765865120e-10
2.242953045517026567e-10
1.425805584709394225e-10
1.616158595840744283e-10
1.748465816575617282e-10
9.190072314257946573e-11
1.091862988911174170e-10
9.813483359266683692e-11
7.888055486571232677e-11
1.035571489671482937e-10
9.490334906825381722e-11
1.161208906808042229e-10
8.759300923477653100e-11
9.326749789151378423e-11
9.935240130598543828e-11
7.531023027418370930e-11
9.759248964513744795e-11
7.466501722452889567e-11
5.673954361906652366e-11
6.705354327340984355e-11
5.413025930267600927e-11
6.100038529854856506e-11
6.070141611580481822e-11
6.800555951702591528e-11
9.147468199577346581e-11
6.980163669290107009e-11
1.135399135820946981e-10
7.513427380256842980e-11
8.284371105782284417e-11
6.535186281020344268e-11
6.630035409571632954e-11
9.732933903272567022e-11
8.951338281715237599e-11
7.029099524658022347e-11
8.463467426889081935e-11
7.290885256638901524e-11
8.296281717168341174e-11
1.126397100592591016e-10
1.345737687952208717e-10
2.098896473290423614e-10
1.699016621836690888e-10
1.326768833687097526e-10
1.371962266016879539e-10
8.817602203947672024e-11
7.867497625602126732e-11
9.546596152487651921e-11
7.917019123615531839e-11
8.223465658430129110e-11
1.047918279928339302e-10
8.241375637485504058e-11
9.910643139487973485e-11
1.369517277360898788e-10
1.143518196800030751e-10
8.009296698086032507e-11
9.479921014854397754e-11
7.992487227603817246e-11
6.065728475057596825e-11
5.983145923149635337e-11
6.978023714410142020e-11
8.302430964945983760e-11
1.121710641038831113e-10
7.000774265852882650e-11
1.147016648328502697e-10
9.664902905770489383e-11
6.799742019447663210e-11
6.386335904551287967e-11
6.740000224603193146e-11
6.779595634887058964e-11
8.591786310185867137e-11
7.184624423173247010e-11
7.554437631007715481e-11
4.871595835065356539e-11
5.147637524571813117e-11
4.541643450206578336e-11
4.385464560940910417e-11
4.014752072456495569e-11
3.982691260118187415e-11
3.591845224026890548e-11
4.714786200343823452e-11
5.940456460074017286e-11
3.726926059433033345e-11
4.079033638637596937e-11
3.870737758093767411e-11
5.307948178212562595e-11
3.660678010719564668e-11
5.071589675997856261e-11
3.481241683811475696e-11
3.564678413559008163e-11
4.972826664340068703e-11
3.716258897834556763e-11
4.648222778902422192e-11
7.866719775595498731e-11
5.618294718345850924e-11
7.500852716724182301e-11
7.278871255733676549e-11
6.882437675326258386e-11
6.066755431355375094e-11
6.422755383095335446e-11
6.101323613005860125e-11
6.191883811235143753e-11
5.246519191315357489e-11
6.082531700535298569e-11
5.958101373382262977e-11
4.213709936529141942e-11
4.384420604353067574e-11
6.233043248204950260e-11
8.057161882124574959e-11
6.070166591598535888e-11
6.980613309615080198e-11
9.206259365956981355e-11
1.733745369492112331e-10
2.687255973299329526e-10
2.867616699653297019e-10
1.664065968354222491e-10
1.499158158724256396e-10
2.655552999719645868e-10
1.572476038269599030e-10
1.591501513908966103e-10
2.337505744520740336e-10
2.292525058678052119e-10
2.254738756812812994e-10
3.145490534706141261e-10
2.199432858063232743e-10
2.593609771395222197e-10
2.214253225218953958e-10
1.774746183347275519e-10
3.533502934693899533e-10
4.158038358070825780e-10
4.155840116482067970e-10
3.488821731512103952e-10
4.994624713816619987e-10
4.195199188039566707e-10
6.068711089213252308e-10
4.583853296935558319e-10
4.955940102746581033e-10
5.083312104581239055e-10
3.898092959531140878e-10
4.881293147462884008e-10
3.250619773353946584e-10
2.289173156588830693e-10
3.359164058025498889e-10
3.187360375633829790e-10
1.983784803094579274e-10
2.901049955816858983e-10
2.250339081744101577e-10
1.465665089295242751e-10
1.439499908162389374e-10
1.515429171039528455e-10
1.747547107022739965e-10
2.018179789953222780e-10
2.131210902200919577e-10
1.223784407144989927e-10
1.211042099935610850e-10
1.471849309098161029e-10
1.459472265263883628e-10
1.679288097466979934e-10
1.989743647623498646e-10
2.187461878300211993e-10
1.993783194098597278e-10
1.974240493307632960e-10
2.147617361725195906e-10
3.625860722777929368e-10
3.298765149928328810e-10
2.259639975132898826e-10
2.445635360892595145e-10
4.349868520936439609e-10
2.840839230522362868e-10
2.959311962147381792e-10
1.361612489425567674e-10
1.929241488785038428e-10
2.859474046434939964e-10
2.206190230502613758e-10
5.182135276449173489e-10
3.387815028510487991e-10
3.752053112648923161e-10
2.579693680893058172e-10
1.747994249345907747e-10
2.697864709411135209e-10
2.043412244967512947e-10
1.095888310653769793e-10
1.828851514673601741e-10
1.065821458867688420e-10
1.030769775089979134e-10
1.302108698642001627e-10
1.050637007948829194e-10
8.353692737550488800e-11
9.802721134821723581e-11
1.268407462395870766e-10
1.071196603641411116e-10
1.909918473375071812e-10
1.467603538696238274e-10
1.311659669767095693e-10
1.029191176726840240e-10
7.661057205288201999e-11
7.538464297240921042e-11
8.541273244233593687e-11
6.530476159838372041e-11
6.306632299724057589e-11
5.988039231130670714e-11
4.767250136317180420e-11
3.902336787042770538e-11
3.886061264446460939e-11
3.996831338115569565e-11
3.804921655525816959e-11
4.135515888070706580e-11
3.678758686564975733e-11
4.422362476219632299e-11
3.746094406897881868e-11
3.351396937745221294e-11
3.931566877612979738e-11
4.147418866673469040e-11
3.441905441214920813e-11
3.134988796338333827e-11
4.047170931720245335e-11
3.329159170561979408e-11
2.875844007377281741e-11
3.406908782865869512e-11
2.766322761138528818e-11
2.769008633496383709e-11
3.135899873107916846e-11
3.611869830999481223e-11
2.955475447707911485e-11
3.166351555949908914e-11
3.740404513896677940e-11
2.885627500837095738e-11
3.459823053053590058e-11
3.375319121423636659e-11
6.965904936206968046e-11
4.138960701949301324e-11
8.114429961292302096e-11
4.621185031861152481e-11
4.009237386526365299e-11
4.497327857344579627e-11
3.208834586931885724e-11
3.576671944727216612e-11
4.122016616925350263e-11
3.202669379698264152e-11
3.281665911236686384e-11
3.243945390085656300e-11
3.033930051632438563e-11
3.066434606235901583e-11
3.504554285660432811e-11
3.390411562609330076e-11
3.009261936859353170e-11
2.879810105660407515e-11
3.535496895246126314e-11
3.444338564362325883e-11
3.497833966914498660e-11
3.210399307507216804e-11
5.234559313782582990e-11
4.343969281506154800e-11
3.822360483685116606e-11
2.948058464014025049e-11
3.213319887951371356e-11
3.267384279803664526e-11
2.572120294530577667e-11
2.677172893095214334e-11
2.470946884602920335e-11
2.562591805421732261e-11
2.577775493062262058e-11
2.841022209154608902e-11
2.782187327743379512e-11
4.920927554330489784e-11
3.230493303418846551e-11
2.562493967017687169e-11
2.431705878325196579e-11
3.072465198927787355e-11
3.127230419064375155e-11
3.047756491625364106e-11
3.315742819198774782e-11
3.040175403090650263e-11
2.688862500710431647e-11
3.749188459689634101e-11
2.638710430713508970e-11
3.654093694294147099e-11
4.151442731248344842e-11
4.286815694087842132e-11
2.850631189432739632e-11
2.874932930607698722e-11
2.679332623822805459e-11
3.246485719143876736e-11
2.296492336573141557e-11
2.497728586459135869e-11
2.495105858035806534e-11
2.368387083673262339e-11
2.631795475993570221e-11
2.470925027087123027e-11
2.823734995827109628e-11
3.683478175253718234e-11
3.274754079019004394e-11
4.100590006439475133e-11
4.707621445443344044e-11
3.554040742259623187e-11
3.430940601067966611e-11
2.724618100580222801e-11
2.724513843699316595e-11
2.842154636639726561e-11
3.033293061172059879e-11
2.492504987128274507e-11
2.794417301721363600e-11
2.657690560681214009e-11
3.357440020446134099e-11
2.439198842907330800e-11
2.410238501837635994e-11
3.031009124243588815e-11
2.559188971851256156e-11
2.984581332077240745e-11
3.347930266350829243e-11
3.131790660138022986e-11
3.626499101017088833e-11
3.087516353694752524e-11
2.889547802420455724e-11
3.502087508877593791e-11
2.916006672237791975e-11
3.545466351062565025e-11
2.855338535057150295e-11
3.252737662551297149e-11
4.152785060274055695e-11
5.485744844491158290e-11
5.010573206343238439e-11
4.044535192870846174e-11
4.779649245834072246e-11
6.077098546608539209e-11
4.670940717543814458e-11
7.053793660283247391e-11
2.749732212758981831e-11
3.231457462726794461e-11
2.871228775569445446e-11
2.478731109256671061e-11
2.731705486813673645e-11
2.653411518283022019e-11
2.520516434456610000e-11
2.396143700122976838e-11
3.628369826813582222e-11
2.955609715304952090e-11
2.250609767995292998e-11
2.728414716379745641e-11
3.546743454485579150e-11
3.500633810604725227e-11
4.449338814049852431e-11
4.085325827629660012e-11
3.477448884403600005e-11
3.227288575269326998e-11
4.952661891710619102e-11
3.769720646751295590e-11
3.855914199046850399e-11
3.848669299921780862e-11
2.485973232824179036e-11
2.635391904703965338e-11
3.152183028487520744e-11
2.402095536369053264e-11
2.363812964811806694e-11
3.012562421744746644e-11
3.296594941470942786e-11
3.421951610960149992e-11
4.694439281749396287e-11
3.915670565568518668e-11
3.382883903557676319e-11
3.263762177185824953e-11
2.684285085874371646e-11
2.903456988723185361e-11
2.879574703684717463e-11
2.632963465309945406e-11
2.622253802986307392e-11
2.457882508632991403e-11
2.630877113385388100e-11
2.032302451326906123e-11
2.523023630296439279e-11
2.168440600691656783e-11
2.538470822432969953e-11
2.451703076666866821e-11
2.378299987504384205e-11
2.931209788781252712e-11
2.944495341994368687e-11
2.975460156040554693e-11
2.802048003347490379e-11
2.731833509406200733e-11
3.942623311159465516e-11
3.213711588512246919e-11
2.915673605330404428e-11
3.538541681891160806e-11
2.646767700842378446e-11
2.621569974992077334e-11
3.559828126720177011e-11
3.823596647634097678e-11
3.221457475777178558e-11
4.136811032617870865e-11
5.139830575040527094e-11
5.557325780114474867e-11
4.476731138569611801e-11
4.602810840803606141e-11
3.963252642735781706e-11
2.875022095394363930e-11
2.338199078799618746e-11
2.828118642050903020e-11
3.023536976343166316e-11
3.084011171439193788e-11
3.438724652249369740e-11
2.724802154741023941e-11
2.953398636762472051e-11
3.294487599392326160e-11
5.056349089427314425e-11
4.532139941115786996e-11
3.846859983336337052e-11
5.420380463916352198e-11
3.283813498899945671e-11
4.179116427915907650e-11
7.769666854340329110e-11
5.159282376321350227e-11
6.324925305722928215e-11
6.717022077440404360e-11
4.567481809436557683e-11
6.535141872099359261e-11
4.018266969163519775e-11
3.378604687687136732e-11
3.737520709590214096e-11
3.168757964355783940e-11
2.687200809092793463e-11
2.582752935131882310e-11
2.431144521808370484e-11
2.154755193717328154e-11
3.606369369801853964e-11
2.713013147470633157e-11
2.168969344407134514e-11
2.519464151196082469e-11
3.622555727611498355e-11
2.847183599996583325e-11
3.763346231866471214e-11
2.779644396599945111e-11
2.424996314864813485e-11
3.538086837395759687e-11
2.996269898858372471e-11
3.420321664782122184e-11
3.243341706316016371e-11
3.658930450289865632e-11
2.472612045667510472e-11
2.527378133165836260e-11
2.400666818114238765e-11
3.371789306094719052e-11
3.070562554219335993e-11
2.693915923668299683e-11
2.569066660795815693e-11
2.854014941044979992e-11
3.090518119197582791e-11
2.281684390037508336e-11
2.129668316697141961e-11
2.087486433710594724e-11
2.129727644240020368e-11
3.426640221571020106e-11
2.119980926917897079e-11
1.967644276679170190e-11
2.791985045935696519e-11
1.910944492922173055e-11
1.691319306829086599e-11
1.921539663496396599e-11
1.569390971345452357e-11
1.651683477488230523e-11
1.628211281079483541e-11
1.695339528484662850e-11
1.568766644366448304e-11
1.924138279263409856e-11
2.352021181983854348e-11
1.860810810994095732e-11
2.127808693130894824e-11
2.481885010008344494e-11
2.080009255112091893e-11
2.522549530370454818e-11
3.491786720877243511e-11
2.193403791928005830e-11
2.390100964366759229e-11
2.122530623482887790e-11
1.904561924837011588e-11
3.133426157431173920e-11
2.344613218852042991e-11
1.808913782652687985e-11
1.979916924854663307e-11
2.155795507385871446e-11
2.140757189572628505e-11
2.215679376083024010e-11
1.944526137331870075e-11
1.861472781472528482e-11
1.854603623452355521e-11
1.613645501941096683e-11
1.630481513692494389e-11
1.954037799622998506e-11
2.430014002519076399e-11
2.125222046955865807e-11
4.826138100266774700e-11
3.572668549889357337e-11
3.653233271450062603e-11
2.708375884674651957e-11
2.428061571246864503e-11
3.095437101086062626e-11
2.584479505407522026e-11
2.468991330828451680e-11
3.391938119268189666e-11
5.258989771439459560e-11
3.526079428439743424e-11
3.176877858002136179e-11
3.428200431865313647e-11
5.367651115251170779e-11
4.229909478237203757e-11
3.130483719471222059e-11
4.588210367195699746e-11
9.179067228526349709e-11
7.221498399268000412e-11
3.817466134869995642e-11
3.189223191091272724e-11
2.662621512161678083e-11
2.662189912960855054e-11
2.018376264734111913e-11
1.993102904940258213e-11
2.151781357262461114e-11
2.525317802093418607e-11
3.489630806541299535e-11
2.736849635809335268e-11
2.710064117561472585e-11
5.053825413714463366e-11
3.258712744091951663e-11
3.315335506126615428e-11
5.070344144542104914e-11
2.644433977350146847e-11
2.535069376641274630e-11
1.902252660945791263e-11
3.119070279833380255e-11
1.857774524494093527e-11
1.828568546580200405e-11
1.554053760677298612e-11
1.497782280146520151e-11
1.739809511736023495e-11
1.389262836715143834e-11
1.326386223077236082e-11
1.928705459230961594e-11
1.334544714320928804e-11
1.423110240761360501e-11
2.081837480183423850e-11
1.713076382137135312e-11
1.675550843904805021e-11
2.555109249180453901e-11
2.232443396810168679e-11
2.100780313596395388e-11
1.883032271776663436e-11
1.603180435627571399e-11
1.633415451507413962e-11
2.027678025484647151e-11
2.185961654743717730e-11
1.725496828752781653e-11
1.556619416698268310e-11
1.517543729567805144e-11
1.415912179170142338e-11
1.505497462805927000e-11
1.494229566467719650e-11
1.734382429341430054e-11
1.692871190450695451e-11
1.568092183878988521e-11
1.445345145650867025e-11
1.851186391677028809e-11
1.649985703622292021e-11
1.716106944049666794e-11
2.172231144959013704e-11
3.332115833254434278e-11
2.195729709164595533e-11
3.024020617248268650e-11
4.339489878546487489e-11
3.152189620436729456e-11
4.199200015486681536e-11
2.634497481279751696e-11
2.711183014203477626e-11
4.258645519561454762e-11
8.097107706550588091e-11
6.395647900170331468e-11
4.977723094823360839e-11
7.021033754384120584e-11
9.504207837407463444e-11
7.575576971285968852e-11
4.886381577140497257e-11
5.656261570230469715e-11
8.426992437193803198e-11
4.763072228297637878e-11
4.847534179619472638e-11
6.928142781692514518e-11
1.206429678379805637e-10
1.033365060187918516e-10
7.102357590937913301e-11
8.751628588488102878e-11
6.218574266636522907e-11
8.198496742606309340e-11
4.690349844627128562e-11
5.501199842883330859e-11
8.043032212468048670e-11
5.839814742891746846e-11
5.037463501889050121e-11
4.648655765882026003e-11
4.168621697830943162e-11
4.536204398220000655e-11
3.088134956086285854e-11
2.693933964792449842e-11
2.337099958005239841e-11
2.697324308353898914e-11
2.402609881879680387e-11
1.900608836979955640e-11
2.385425537654306538e-11
2.491460857068084067e-11
2.190064449236750477e-11
1.783708597491440173e-11
1.922141265597865356e-11
1.495756990488317228e-11
1.596519791369210850e-11
1.881492531219386422e-11
1.628596910108193185e-11
1.297316074011511944e-11
2.060239479018122211e-11
1.583280381800555858e-11
1.806260002679138665e-11
1.334096375038562599e-11
1.572599689358966657e-11
1.396412412785208446e-11
1.164145429360941009e-11
1.656638888569705870e-11
1.235566336743598725e-11
1.211633050834937109e-11
1.198808760594083367e-11
1.334278694475887761e-11
1.366282260939488680e-11
1.609633086541162328e-11
1.400552764041496090e-11
1.636958624207096591e-11
1.874351368558180297e-11
1.725268886088038300e-11
1.365424960597660942e-11
1.384673799231794789e-11
1.810611209573931291e-11
1.591083167995499537e-11
1.206043771795339836e-11
1.483285022585434376e-11
1.690039948265553704e-11
1.409233580523805429e-11
1.476241351383578149e-11
1.735599164387480187e-11
1.527856140215444469e-11
1.409708634547701678e-11
1.207970702632454874e-11
1.377361332627335955e-11
1.454916395693395259e-11
1.079341650778165018e-11
1.154620062754352361e-11
1.282957767800851911e-11
1.395361950984330690e-11
1.723447773382957848e-11
1.875572613885267970e-11
2.270154030037385695e-11
4.613499859917880030e-11
2.083327434176940329e-11
3.260232361856907346e-11
5.846033379608428504e-11
2.938803367324993587e-11
3.670835163616104069e-11
5.861303109533366751e-11
1.920915163045044949e-11
2.570585411199033388e-11
2.111857563824592887e-11
2.214028092806241688e-11
1.421240729271300296e-11
1.558189341444027320e-11
1.568677999996825889e-11
1.554959806748801299e-11
1.710654187747628896e-11
1.633062608752400280e-11
1.865702384251655133e-11
1.888128195459692904e-11
3.757487376798707146e-11
2.901157959700473299e-11
2.505532240015817536e-11
2.795216488826746115e-11
3.675410323311645300e-11
7.554751269012172088e-11
7.396841472662174510e-11
6.479756314847762155e-11
7.203429519542225989e-11
5.603115194041663472e-11
5.155235960341286727e-11
5.217907356191986423e-11
7.129354051560454764e-11
7.143458047309536596e-11
7.861220008287261862e-11
7.224264936267488224e-11
8.317228156196065925e-11
6.734753033033058500e-11
1.114097494814281220e-10
1.457229614754140812e-10
1.323624959637115239e-10
1.235416074996109614e-10
1.158589266192500133e-10
1.141572253393619008e-10
1.461895604570884188e-10
7.669000157140004603e-11
1.214421618822569826e-10
1.262764337539579174e-10
7.939635754405927059e-11
7.612578623028554148e-11
9.329018113568565695e-11
7.343549379701386215e-11
8.434188764061545385e-11
8.733098966207109015e-11
4.587052959692528020e-11
9.032982695167390830e-11
4.579115905900543737e-11
8.039348353694464322e-11
5.210779030484502528e-11
5.226259008894729163e-11
9.016883073531545278e-11
1.257503823293149026e-10
1.589326170670091187e-10
4.157947319782806517e-10
4.493612704159488658e-10
2.979261559676871229e-10
4.969759603845602669e-10
2.518377173466035401e-10
2.136081173054193982e-10
2.986949576566644282e-10
2.556089229166502719e-10
1.916677233593233609e-10
1.959146456176341644e-10
1.145701936100529394e-10
9.544916246273515981e-11
2.039312607671206479e-10
1.355791867663214134e-10
2.191269110607407811e-10
1.283367301319060516e-10
1.595931164999342400e-10
1.338017058261087300e-10
9.919183530104902502e-11
2.221718087280777354e-10
1.592576071018925177e-10
1.265877264122750034e-10
2.718066327567214557e-10
3.217835164992521868e-10
2.078826694118518503e-10
2.274254812251186308e-10
8.721061373062610755e-11
1.292584789203132800e-10
1.811915062432944978e-10
1.021494139274992108e-10
1.034698646207310446e-10
1.661275422781827160e-10
1.344946376491407136e-10
2.022634559839531221e-10
1.109756314621179740e-10
8.680647867187474276e-11
1.561693829810195666e-10
1.314898884219317665e-10
7.952431074764731989e-11
1.084370926385247458e-10
1.488883183409228650e-10
1.206081484683707572e-10
2.001358245795614721e-10
9.106682075099570284e-11
6.029252791472927697e-11
1.052115963795507980e-10
1.624740897376852899e-10
7.448744399063400579e-11
1.190043202869972561e-10
7.598389972773844647e-11
4.670792225214270843e-11
4.891740831847180004e-11
5.637034589112133176e-11
4.297018296739452126e-11
6.714302724919463117e-11
9.481827822899191460e-11
5.279559428528202147e-11
4.276267534519817559e-11
9.404212131247646766e-11
7.362727094673005013e-11
1.269178512286472937e-10
4.863704231028442848e-11
6.934107454892313172e-11
9.005318712951293492e-11
8.367879306137027129e-11
1.610319655398484429e-10
8.562786590893267658e-11
6.683774367299832875e-11
7.708832877595384048e-11
7.557213188569278373e-11
4.082405247185505459e-11
3.634219314374576015e-11
5.636441313683349108e-11
3.418415897571414064e-11
3.307622925552422544e-11
3.750402419178122670e-11
4.717851109781179275e-11
2.975590260301252954e-11
3.284496286060090142e-11
1.749743058776509486e-11
1.731800293447438577e-11
1.916569680737723047e-11
1.153292218669665914e-11
1.611581701421727075e-11
1.516031571113796161e-11
9.644739867864515759e-12
1.075633332403569398e-11
1.336109348160086085e-11
1.967197411911758564e-11
1.495659845973662527e-11
2.329319029326093471e-11
2.242904646732046814e-11
1.794549925326904827e-11
5.325391516652899782e-11
2.434307963539161790e-11
2.465526567629883203e-11
3.630209327587508028e-11
2.514383840024336791e-11
3.896354072718821726e-11
2.459393799725262397e-11
1.904045324185865695e-11
2.128507960164061075e-11
2.415389069310158732e-11
2.999715059681662410e-11
3.513678931144070816e-11
4.378053128362147106e-11
2.978211427473453909e-11
2.823336009427634963e-11
4.253700863765530471e-11
1.975387214914192668e-11
2.045920377558019254e-11
2.052308670230651444e-11
3.340346055313858642e-11
2.070695004352529622e-11
1.744423702709774204e-11
2.243675904789466102e-11
1.664742996232426719e-11
2.159547887736756877e-11
1.368113088096034602e-11
1.565754817467457372e-11
1.231117291444761008e-11
1.055002786520820024e-11
1.221654201410959928e-11
1.933105758800124363e-11
2.267402585132138881e-11
1.319927327159131636e-11
2.137152607661896297e-11
1.704585257666924036e-11
1.065349978374152684e-11
2.005124885573472682e-11
2.138786543703918852e-11
1.711423884553919805e-11
1.052558300934647306e-11
1.815912351044168815e-11
2.200777060590297651e-11
1.263831921061164820e-11
1.401213606949669455e-11
1.921413549099693086e-11
1.235412987188322376e-11
2.453770867050231175e-11
2.288969708219568133e-11
1.152957070094107195e-11
1.593186693682469013e-11
1.632274870821959212e-11
1.682826794580094543e-11
2.344777844109913190e-11
2.265325600714351850e-11
1.437130189158031257e-11
1.436873883764455684e-11
1.168926847677775882e-11
1.324249564171875448e-11
8.478740279316276940e-12
9.996045657878482871e-12
1.106719750565421378e-11
7.668580180586470618e-12
7.894870521218955162e-12
8.109956282920105508e-12
9.395905928299974619e-12
9.332895567482069055e-12
1.366507774991365665e-11
1.105089804387393571e-11
7.555314880669516953e-12
1.318673208822174203e-11
9.938294111278000997e-12
1.063223380864952716e-11
1.510654101810615657e-11
1.459099160938670536e-11
1.031406557383540701e-11
1.143965130956381415e-11
1.073444024640712868e-11
8.177993872371391859e-12
1.066646944380966744e-11
8.185341293653891626e-12
1.048285850485664028e-11
9.385953819718295676e-12
1.468146784699975171e-11
9.309004955770916467e-12
1.228385275442445135e-11
1.082597726742573485e-11
9.858181979072178081e-12
1.071352988962770425e-11
1.056303655655455032e-11
8.712386714848641134e-12
8.631418496607423663e-12
1.218028195665299407e-11
1.554639056378093187e-11
1.651415636183539704e-11
1.178597150430782392e-11
1.717515712984507559e-11
2.308768801140281823e-11
1.389550020186591794e-11
1.282001588220893495e-11
1.803718285842137448e-11
1.881619166033132728e-11
1.960377346565955747e-11
1.182025310964007758e-11
1.681360779770546543e-11
2.058407957972185898e-11
1.505498156695317391e-11
1.542831140621814257e-11
1.967582173578730220e-11
1.305532938700171286e-11
1.508211264211745117e-11
1.065107550768384925e-11
8.140922831689767492e-12
8.001544739288934949e-12
8.927500232125407109e-12
1.162068705151675374e-11
9.734241190884063144e-12
1.147813614987835962e-11
1.508119497339865944e-11
1.611628885900273644e-11
1.634794383198467926e-11
1.555839311551121540e-11
1.010948963431346215e-11
1.039574329397829899e-11
7.969344802127853455e-12
7.139399314792793660e-12
8.062495983340856043e-12
9.449158469565510643e-12
8.609059645725558596e-12
1.056490311901470136e-11
1.400124981232320209e-11
1.129686101608573523e-11
1.625155565676550395e-11
1.258821605981674807e-11
1.051542013186246294e-11
1.517553790963965810e-11
1.209639853561039757e-11
1.052465753437203944e-11
7.451596631402601645e-12
7.738393259515419231e-12
6.965289889998560469e-12
1.051271916741036705e-11
8.278673753470133789e-12
8.293081499299859161e-12
1.214804298821370310e-11
1.561460682975024383e-11
1.284041796500989818e-11
1.603110699743837131e-11
9.225879608887321837e-12
7.691638992390892327e-12
8.728849240635661033e-12
7.362237555708084358e-12
9.736990727593486383e-12
8.592427984399630958e-12
8.516025558347184443e-12
8.411756534376646499e-12
7.569446805466562012e-12
1.070990171547769876e-11
1.165596872493290803e-11
9.787838074759580564e-12
1.015539822374345036e-11
7.303345428422147734e-12
8.132401869975769415e-12
7.335207961867151738e-12
5.678865364067142707e-12
6.231236446968546616e-12
1.180003490752756790e-11
6.100762690169903024e-12
7.057782309971560863e-12
4.970879177029763341e-12
5.934005023466859541e-12
5.484436255837055185e-12
5.569223034129766603e-12
7.131568773022234353e-12
6.382649617164837252e-12
5.527212368350298277e-12
6.632483191132410028e-12
6.259924002771644069e-12
1.368491257813797546e-11
1.281075245884721880e-11
9.531781614002809988e-12
1.168910454540927901e-11
9.693430953749970769e-12
9.253730594294129475e-12
8.811741267211736783e-12
6.692516332784670396e-12
8.182288180336172445e-12
6.437080035670561529e-12
9.217844369746597266e-12
8.927905290057047694e-12
7.310996426312943441e-12
6.811567369174875708e-12
6.958898735032192917e-12
5.405090437726745023e-12
6.336559315450740471e-12
6.098342317240046384e-12
6.254049795401117606e-12
6.965133764885722556e-12
1.139171916519909900e-11
7.199695700732533510e-12
1.075274591588737394e-11
6.659303317113618448e-12
6.096811423772496852e-12
1.159224799485158997e-11
9.566349448708599823e-12
8.312426268142214525e-12
8.702929002457615582e-12
9.013682161773672874e-12
8.801671197433691418e-12
1.586314760104734489e-11
8.768014092552789407e-12
7.769481238928399591e-12
1.400126369011100991e-11
8.883935254111463564e-12
1.196747041742884932e-11
9.872313036507485151e-12
1.052967955883499229e-11
7.950386876620640919e-12
1.183336761911846224e-11
8.126534167818277865e-12
8.234446978450105092e-12
5.941688547422829814e-12
8.183771368908132615e-12
7.432626562831057271e-12
7.400293051962325563e-12
1.039787266704506052e-11
1.078728599501754815e-11
2.052000930286013158e-11
1.500930456310722860e-11
8.819315069907851523e-12
1.414228716772880645e-11
7.823460629330369898e-12
5.899742933773710618e-12
7.455926501198639755e-12
5.184645247846564331e-12
4.899099789040795017e-12
5.697032255669309819e-12
4.748333237020174735e-12
5.259186315609287732e-12
5.373488980164875528e-12
4.898897260074974724e-12
4.443035783036064501e-12
4.600219510875191986e-12
4.021605964910079933e-12
4.479586406674895827e-12
5.276278546018087212e-12
5.061482483137424992e-12
4.408041640036053366e-12
4.366304193204051387e-12
4.363502614790348844e-12
4.422471937270966436e-12
4.628753109969796498e-12
5.940744424171029436e-12
5.151711956336013642e-12
5.068204970287704114e-12
5.483509913500883570e-12
5.611927589299625652e-12
5.905337850664604815e-12
5.333589472855670977e-12
7.847333893806762717e-12
1.060884713410814584e-11
7.456109514525355308e-12
1.322053230778941213e-11
9.848084153718517086e-12
6.788984738964609633e-12
1.170651423021418225e-11
1.155721525425423835e-11
1.132145245608118245e-11
1.688930245657971341e-11
8.802570651555985393e-12
8.017600472420838287e-12
1.165844504269486492e-11
1.075534106220743524e-11
7.811138888480506637e-12
9.293010805322410306e-12
9.880887774649238509e-12
8.585225412527375255e-12
6.703779024952449817e-12
1.073957589525775802e-11
7.982478393564473862e-12
8.326734267372071230e-12
7.153714686597423267e-12
5.401559408091394232e-12
6.779777260434993735e-12
6.519557897016747816e-12
6.284125997346734493e-12
7.505439846011707772e-12
4.941613958309165611e-12
5.482891484581697839e-12
5.438182022754478595e-12
7.437146384847714842e-12
4.762610444908332852e-12
5.203469599646126653e-12
5.210474846722989994e-12
5.882540114743317616e-12
8.776770109297782341e-12
9.833499466094242081e-12
8.561910729010246968e-12
2.045422511920413911e-11
1.838725699476739806e-11
1.393363462803831609e-11
2.829012718530421466e-11
1.883262643054273155e-11
1.522086102989650414e-11
1.806398780557216810e-11
1.934824696292469781e-11
1.330974740143542334e-11
1.203970950713895149e-11
8.793223094105684368e-12
8.607404719529476722e-12
7.715132352426046225e-12
7.272382349099437704e-12
7.849616789901148195e-12
6.262257639527701869e-12
7.597159012995291505e-12
4.978889696360955242e-12
4.512704879916507039e-12
5.504334835149116145e-12
5.509978757978206687e-12
7.261365987665246990e-12
7.863631620863564820e-12
5.076190336128494351e-12
7.351523903520451597e-12
8.383984478887995806e-12
5.724701095111139892e-12
7.011563638720241798e-12
9.246945223417846194e-12
7.178306560273739478e-12
1.115351734581881971e-11
8.087253089428259045e-12
8.225910404224823225e-12
1.046282678551779810e-11
7.137858012984388267e-12
6.139772718016800468e-12
9.028831501889378330e-12
8.934525862203113178e-12
5.711184563467197606e-12
6.655734990923534156e-12
9.412163756716829255e-12
5.351243753670686942e-12
5.317830811119028667e-12
5.910529010666465410e-12
6.670785451801108934e-12
8.669325674004468851e-12
5.198273235473838128e-12
7.197582807538793759e-12
6.021790704968665864e-12
5.275512231922574458e-12
7.525553097353920862e-12
6.444279571776734272e-12
7.993437509123957341e-12
9.047485850788294925e-12
1.890711719132465163e-11
1.242220649261271959e-11
1.528480814139143718e-11
2.278006602796089908e-11
1.287631459789828625e-11
6.524906916854922301e-12
7.334774280998157536e-12
5.843295031865425315e-12
6.532108621365440015e-12
5.785680962100414604e-12
6.820270043172982355e-12
1.230133963442403555e-11
9.023403552133046901e-12
8.122098479890205169e-12
8.057365538660654636e-12
9.100922272742284491e-12
7.930654397081404738e-12
6.749354547475050481e-12
7.675783619820464310e-12
9.856634605731606769e-12
8.983395624606593799e-12
6.112740522090653883e-12
6.772787625869414185e-12
7.921104744346152415e-12
9.540482119596571664e-12
6.711118639979307687e-12
1.337521933486574000e-11
8.747959821808759528e-12
1.009377130489763630e-11
1.367634911569881595e-11
1.133950572329567308e-11
2.287713768422960925e-11
1.668802249166212448e-11
9.450048382708686745e-12
1.219492735959892826e-11
1.581277123130497841e-11
1.274757296249040550e-11
1.767214846681852691e-11
7.489588810249969697e-12
8.700391102012261513e-12
1.149843067982381228e-11
6.342075302423477723e-12
9.383148771857641179e-12
1.000807683254612002e-11
6.497829618118400319e-12
9.489299103437875971e-12
8.884827769339853631e-12
1.052839586346276946e-11
1.566970338207074320e-11
8.073287698084907760e-12
1.272855865847022372e-11
1.062851456151703289e-11
6.644568142227802454e-12
1.245784031489449717e-11
7.051258014978412092e-12
8.087943509371697814e-12
6.044290935813823040e-12
4.664787219693655729e-12
5.639135859658583882e-12
5.988782820348648173e-12
9.371604187125015528e-12
5.392466421311192804e-12
6.223420650347533112e-12
1.071733327084878340e-11
1.355367033883947414e-11
1.148106089365885651e-11
1.347685157915279319e-11
1.694971073218365376e-11
1.185431440509088219e-11
2.797453241276670610e-11
2.810410064391088980e-11
2.140017850427167190e-11
4.075179083073976471e-11
2.155686219806884907e-11
2.185301592461108555e-11
4.343223697356179969e-11
2.213159516761820100e-11
3.971819054204850374e-11
2.212321298378228107e-11
2.012410377227880076e-11
2.380058823636677090e-11
6.326832113767721921e-11
3.748769350497838104e-11
4.116745833115942332e-11
2.399338366876335726e-11
2.504529569846702941e-11
2.140730995248141255e-11
4.081032040081922219e-11
2.402875814988547631e-11
1.851636725891392388e-11
4.045380697093037270e-11
2.479269220478919067e-11
1.696881524182458634e-11
2.424738881900978527e-11
1.666793092436336110e-11
1.417868340097827584e-11
1.804105649594323069e-11
1.449955953913839579e-11
6.784835280410073111e-12
7.315370531557618961e-12
7.991003692087161880e-12
5.878699003286635971e-12
5.902619538977749158e-12
6.025274897070165281e-12
7.258877093158089266e-12
8.027922077102900289e-12
6.398405243135396603e-12
5.201730539361459904e-12
5.843890909379423348e-12
7.721000921945275763e-12
7.057530775067544226e-12
5.225059968028133994e-12
5.313303182846729200e-12
5.759619343959077042e-12
4.601384377689310412e-12
3.749415708464987063e-12
3.781423525001104124e-12
4.444584891100111790e-12
4.179136203763533786e-12
6.233331125565788611e-12
5.668385465867897821e-12
6.743841162587527194e-12
7.526909651112134725e-12
6.267811356736041617e-12
4.544833693415073483e-12
4.427422838071404243e-12
4.992214107379933097e-12
6.532417835825032881e-12
5.366691466224260409e-12
5.608786872446369642e-12
7.393227523244672028e-12
5.807515926492534675e-12
5.166487029861777103e-12
5.451707661696669760e-12
8.315985053353180945e-12
5.416792014933946575e-12
4.424110383594026530e-12
3.791610688613777924e-12
5.563056959534407042e-12
6.677429442714100105e-12
6.286596243576525467e-12
4.137894887845661174e-12
3.968518222374761706e-12
5.972899258521735533e-12
5.492220827435501107e-12
1.167936754253862119e-11
1.094870808598935596e-11
1.380221197749831319e-11
1.602151918078664750e-11
1.076836883551202106e-11
1.327047759874799837e-11
1.064560245511714243e-11
9.348476853743292736e-12
1.203024225376880807e-11
2.105653498785109434e-11
2.371821662683348819e-11
2.771435511639275262e-11
2.756634157052850753e-11
3.091938510779712601e-11
2.248580141528400134e-11
2.268452786724495240e-11
2.144375475798820929e-11
1.293127323970244547e-11
9.995792388250990257e-12
1.383002826843560129e-11
1.164647024654019702e-11
1.521824333217125513e-11
8.927711001027738291e-12
1.136060516493397898e-11
8.817663613158721603e-12
8.533363252127834642e-12
8.711843746400660393e-12
7.461867929103860320e-12
1.141433128570845668e-11
6.945354014131766007e-12
6.332840935679984185e-12
7.192644049802687789e-12
8.011641697280857954e-12
8.686242697342194674e-12
1.077050948428137644e-11
8.351361269198775972e-12
6.451743653212993479e-12
7.616596589543611628e-12
7.065401215478051000e-12
9.438842936415614560e-12
1.073468484241724141e-11
6.392893159290480298e-12
6.221604828549054389e-12
3.821771024647979687e-12
3.979690708921790332e-12
5.425757499538663708e-12
4.898591948743202806e-12
4.229824823731576089e-12
4.981973601020373010e-12
4.758689969852625268e-12
3.050359444201067305e-12
2.904564392822162056e-12
3.530292377873500698e-12
3.028498892637676576e-12
2.993372043291753215e-12
2.795842984210095139e-12
4.719992192231403649e-12
3.775434392200294198e-12
5.279015505982309620e-12
5.030145570905641961e-12
4.256644516031915515e-12
4.222279643972814966e-12
3.677112000305404749e-12
2.740755105506975653e-12
2.912876754038173921e-12
3.276160159132457395e-12
3.149172112318354699e-12
2.495950278055825144e-12
2.365480207544568003e-12
2.319062259933946102e-12
2.520069439584937676e-12
2.578613104292637459e-12
4.074305996748517344e-12
2.492551521085517585e-12
2.231705271971140547e-12
2.408604132114744445e-12
5.430873632750188307e-12
3.627319365012704466e-12
3.355479522709758911e-12
5.805808091230435508e-12
7.587356090632546568e-12
4.488817303971437411e-12
5.951493638189919722e-12
7.401969662201857147e-12
5.249297090753612949e-12
6.307603744870604601e-12
5.148587285674910419e-12
3.954741915890291892e-12
5.038040297444812410e-12
4.231724345937770693e-12
3.396821018908369183e-12
5.101015096431460449e-12
3.302226547763353892e-12
2.710477892478579953e-12
3.869014483792732051e-12
3.367230322695591305e-12
2.816962808849243771e-12
2.844162622431256615e-12
4.064024290706402809e-12
3.391576733000056798e-12
3.258183219750909743e-12
3.865221077231639768e-12
3.446116005403898619e-12
3.762541493645965573e-12
6.121141354203940566e-12
3.532904871428321769e-12
5.480926476564285110e-12
3.808728506193848062e-12
3.860575921443842873e-12
6.480329294011877295e-12
4.675631843503724738e-12
3.971246075040735235e-12
7.377369548589030046e-12
5.104046525705729920e-12
5.742044860423956010e-12
9.133997377896996284e-12
6.095663036831400206e-12
5.444472563759239492e-12
5.424558371935894741e-12
3.224981479782451643e-12
4.600464974247042704e-12
5.261611459028703308e-12
3.563118767049844315e-12
4.549640178486136222e-12
5.340108563678391818e-12
4.834368148853851466e-12
4.639089459801404303e-12
4.759178728191981733e-12
3.661770105883865867e-12
4.528425377736677859e-12
6.407811781183880839e-12
4.588656711546068578e-12
4.733105400667181328e-12
6.437845916085205289e-12
1.021450372201693213e-11
8.111134160160293760e-12
5.542292319526964661e-12
6.280293125826563738e-12
7.494685427822389556e-12
4.138334640246821294e-12
2.797267625864741092e-12
3.235285737229753877e-12
2.184351657885663656e-12
2.490843468982983921e-12
2.566553957208950187e-12
2.186502498155440399e-12
1.993836302657814308e-12
1.921774588423130758e-12
1.805655451547760748e-12
1.718715447740493119e-12
2.034004908946229762e-12
1.905126013543312347e-12
2.430652033813540669e-12
4.294617612921047822e-12
3.231672091388859691e-12
2.755578317609197470e-12
2.679904909097530208e-12
3.300938515582441113e-12
3.108053744926841944e-12
2.931916645229626361e-12
2.821050467879948620e-12
3.229231769139029318e-12
4.410189661380181647e-12
3.365396503141049322e-12
3.504549948851742869e-12
3.474926943414224922e-12
3.439722031511882605e-12
2.964048277653841268e-12
2.940375807419792764e-12
2.766652792279833406e-12
2.402904481293988148e-12
2.446138560804889117e-12
2.725666263872494888e-12
2.822696937299085107e-12
3.996812429629681418e-12
4.474797268838592856e-12
5.006747620661666787e-12
1.225630708034941563e-11
9.076266647978226132e-12
8.974909357362115259e-12
7.985681560462865036e-12
8.121983120779052712e-12
1.219495511517454389e-11
1.080871676883976562e-11
1.203702935936856733e-11
1.235458263471045370e-11
1.012733299998735959e-11
1.197733578983672942e-11
1.052308153809411451e-11
1.021144627189052301e-11
1.002714578035579507e-11
5.886271504940143728e-12
1.074366116904368340e-11
5.323960890202261709e-12
5.286709871960004747e-12
7.733827467326648275e-12
4.661942273193053765e-12
8.106062696078275565e-12
6.074065729555488957e-12
3.824557857912136427e-12
4.353671936851988278e-12
4.078826686126912904e-12
3.056231483167248797e-12
2.927747454195550603e-12
3.840341239458311406e-12
3.278083967467315674e-12
2.528720722400068510e-12
2.757766671274142212e-12
2.898501751114057612e-12
3.479738198974846597e-12
3.267437102133508020e-12
3.340495631845574742e-12
4.438887625524134961e-12
2.838538432081705309e-12
2.174053905651396335e-12
3.442839980119516419e-12
4.593726440904610797e-12
2.924074610916038708e-12
4.014013513936598443e-12
5.983553930111185082e-12
5.126735407728899574e-12
5.397781180360716746e-12
5.023110833529687014e-12
8.955687753886554248e-12
8.121619696210835571e-12
4.424083929061017884e-12
4.840724175669830487e-12
4.628946531637367912e-12
8.673074411436054731e-12
6.233819450224276082e-12
4.510317466732693958e-12
4.422216932919997845e-12
5.200074312122771047e-12
5.703665838241445130e-12
3.499407361107209624e-12
3.556927322123648594e-12
4.469659885264487542e-12
5.132505965371736423e-12
4.522257568417842322e-12
4.793220508003681601e-12
4.993077999670969547e-12
3.012808318797466356e-12
2.231238414515668289e-12
3.049056233189739729e-12
3.187693164985461181e-12
2.636461361726905039e-12
1.893910375749818797e-12
2.003331094763138864e-12
1.785253802427666514e-12
2.209002078479294084e-12
2.201745296498414106e-12
2.460281978144962522e-12
3.029979479124422781e-12
2.747052585405640457e-12
3.987201194211031918e-12
3.619773317892205355e-12
2.777251952718051697e-12
3.545731633650128778e-12
2.277109490550488502e-12
2.482015461213737950e-12
2.879041189479680796e-12
3.194506941958663582e-12
1.839064490971598076e-12
2.267953836884717411e-12
4.669693885045456128e-12
7.431077454767009982e-12
5.195288643733420031e-12
7.281144437376596557e-12
4.070797952199223246e-12
3.711447815746282686e-12
4.096670051800810342e-12
2.797633218837303204e-12
5.559189827225585745e-12
3.921021493602516728e-12
3.339402322374840359e-12
4.868299340043957812e-12
1.172872216015363733e-11
1.252033893228698958e-11
1.096720110560500672e-11
1.423811502726524125e-11
2.233101897841649475e-11
2.126069459373880477e-11
1.770667987233132123e-11
1.326137810675476203e-11
1.941049404541317358e-11
2.345021052341245138e-11
3.234391920958756828e-11
1.816645098240421419e-11
1.009680707098059571e-11
1.482109053541069699e-11
1.243920938476250626e-11
8.740301885024059914e-12
1.623429862762648668e-11
1.431653406935851081e-11
2.893190201302964226e-11
1.628617379845209712e-11
1.481402500669304345e-11
2.040008439951890296e-11
2.501952811595486992e-11
1.987620137922085917e-11
3.370882739606173573e-11
2.162568388253127694e-11
3.695515421453521299e-11
2.888092195951763586e-11
1.635694357737804694e-11
3.454020056081752443e-11
2.159123574374532950e-11
1.367433683646668285e-11
1.867398596866465255e-11
1.629919116341582708e-11
1.817182342100931436e-11
2.408968510780873373e-11
8.454992782291892439e-12
1.294869420020994255e-11
1.585529277314812191e-11
9.415504834131560585e-12
8.969442376327574351e-12
5.386835942589041082e-12
5.354197987750275445e-12
6.765190838087242753e-12
4.761892269389278454e-12
5.993995664393958478e-12
3.327820441087481207e-12
3.502168173519226713e-12
2.547062387392440286e-12
2.950881726471177302e-12
3.842620232424875937e-12
3.513248719722028568e-12
2.413357491279355393e-12
2.620492364768800542e-12
4.949840017032247630e-12
3.387151670253274460e-12
2.227871316248797307e-12
2.347330663177160659e-12
2.142638930863194346e-12
1.963807588767352286e-12
1.661879726715109751e-12
2.197288358207760695e-12
3.223417626568858552e-12
2.911905742572495903e-12
3.738114852380736153e-12
4.784298825166732883e-12
4.584958714776155020e-12
3.997614739237320691e-12
2.455164977571699936e-12
3.233880611214212664e-12
2.641477314657691977e-12
2.734591199315961063e-12
3.604879415808337484e-12
3.704685863636925092e-12
2.872622062097263118e-12
6.076195102622250488e-12
5.183845540324139023e-12
7.141389042619739058e-12
4.672972078734183299e-12
2.325544487882802436e-12
3.265900137133792569e-12
2.169386848979715232e-12
1.736139877694942157e-12
2.395197538571092188e-12
2.037791159772983640e-12
2.225476313649776827e-12
2.415611113915083763e-12
1.705485362310521502e-12
3.314099212073373657e-12
3.545938716265073509e-12
2.504246809920118721e-12
3.885070216924635389e-12
2.103469742137376031e-12
2.813603083157145690e-12
2.357277133907542677e-12
3.033131254839838142e-12
5.513384887523287148e-12
5.896175041264495320e-12
3.075819980657978903e-12
3.261106879329234154e-12
2.863045954829002149e-12
1.710296834711577674e-12
2.245752628998731737e-12
2.491811878363447974e-12
2.530870912148541763e-12
2.979139938213970495e-12
4.399171998903383951e-12
3.666358449477824522e-12
2.974032478619825781e-12
3.327428176741475951e-12
2.268020190057673524e-12
3.269267018560229054e-12
2.932427738133736028e-12
2.829272189794340697e-12
2.781014351097010895e-12
2.797900149412169135e-12
2.270230878287371468e-12
2.322990758085730079e-12
3.212916911687901944e-12
2.243932036710694078e-12
2.975628857898593438e-12
4.033651451046393888e-12
2.664347692124535705e-12
2.956054238195671147e-12
2.647565326696632582e-12
2.182454520924248520e-12
1.898952349532745387e-12
1.401519091753788970e-12
1.606995352759765794e-12
1.789349918235316750e-12
2.267237612929573487e-12
2.934846810020985686e-12
1.762651873418730197e-12
1.750201112510341162e-12
1.356323039991558232e-12
1.266256522379494154e-12
1.681952537316289131e-12
1.571410427995967307e-12
1.959340892657146505e-12
1.783342353997574570e-12
1.806646629173846996e-12
2.997847196178904383e-12
4.054080855742103751e-12
3.954497319880179163e-12
6.033321411913483701e-12
2.668047640458359737e-12
2.700739154884446158e-12
5.277897910382911562e-12
3.134127506132511343e-12
3.462992262739938987e-12
4.292011624579261664e-12
2.431328792809606121e-12
3.427505458272750438e-12
5.756947869806072760e-12
3.241151487823334953e-12
4.636446608585753637e-12
5.529415033483919828e-12
3.087200417181690248e-12
8.344073695876197405e-12
4.974767559701165354e-12
4.244539181935680361e-12
7.041724842116181549e-12
6.865452217147405278e-12
3.861180472575220790e-12
3.447420300617398681e-12
1.562223982988497628e-12
2.090870879212225475e-12
1.449170427755830381e-12
1.816618361814847926e-12
1.604551127382114473e-12
1.446834188914558617e-12
1.122660991947910247e-12
1.235560807312519049e-12
1.436262133530652463e-12
2.887320807790083599e-12
1.896950912322337146e-12
2.257640038458297305e-12
3.363392897526296110e-12
2.521363760138450871e-12
2.009183184409346623e-12
2.407038327337240879e-12
3.562825165101535241e-12
3.746066824794613837e-12
2.992927303560599661e-12
2.412260929202103554e-12
4.343535947581855794e-12
4.008494057516909237e-12
4.448857948702311660e-12
3.251164962247976575e-12
4.751578037281989353e-12
4.542863047546363831e-12
4.035024918358498525e-12
2.840179046809110375e-12
2.716275121494859945e-12
2.559655178785424923e-12
2.449086072831008210e-12
2.166657261590265726e-12
2.716480469386328700e-12
3.190730232111027576e-12
3.389295354788712800e-12
4.708656207996764209e-12
3.972480764474761727e-12
3.863957764860259658e-12
5.274700815016686306e-12
7.773896977536498554e-12
5.274885563066877836e-12
6.973709804070082896e-12
6.161672300858400675e-12
3.126021360169706220e-12
6.596051829732552108e-12
3.405947615955917662e-12
2.733017371442381105e-12
2.969539544817045851e-12
2.272574489703416134e-12
2.728674491220273168e-12
2.682721883182082045e-12
2.096687623867610206e-12
2.355920796989763311e-12
3.968964479988956739e-12
2.932151049739317727e-12
2.493259938785019614e-12
1.893763141094795266e-12
1.698685463125126915e-12
1.103917738470849841e-12
1.026955213576097314e-12
1.148317335317172727e-12
1.200441113700934093e-12
1.028060449270729038e-12
1.041773329928108449e-12
1.380245527246581894e-12
1.682416250585461182e-12
1.389883000357805543e-12
1.316477742790977956e-12
9.717545778470393358e-13
1.133810059728013186e-12
1.297776990039078981e-12
9.283908277563091005e-13
1.311836056450133015e-12
8.640695580916513130e-13
1.029875620547904269e-12
1.047720070423974192e-12
1.828067862016946599e-12
1.071003745758969394e-12
1.251116181141820327e-12
1.189281962840627038e-12
1.148167064896066236e-12
1.484734318997482649e-12
2.117806797985455347e-12
2.252926577933633823e-12
2.031951646871976713e-12
2.780203151031557240e-12
1.796822673288955841e-12
1.429531189603427954e-12
1.272889779690977718e-12
1.149171795049308553e-12
1.417303882762788181e-12
1.453050136809852511e-12
1.149888344265104223e-12
1.916466985107945220e-12
1.661944019903938141e-12
1.712616810520262156e-12
1.778140026713337374e-12
3.863940851306368884e-12
2.780249771724974117e-12
2.416161238097402908e-12
4.848919876732082912e-12
3.288092454561963862e-12
3.103912743149250808e-12
3.494787358809814393e-12
2.614471139583685044e-12
2.561676565315806897e-12
2.600112833373025012e-12
2.702799789533472108e-12
4.381006842024692816e-12
4.482204104400144828e-12
4.423862318136961846e-12
4.825897060439787722e-12
3.880606773420947064e-12
4.274732477715925683e-12
1.777111010431431382e-12
2.367526313884482647e-12
1.822584617949818409e-12
2.635239032197644882e-12
2.283544664125058965e-12
1.750289800248050476e-12
2.311206781513419628e-12
2.080985774324806137e-12
2.663433492852695927e-12
2.950231638848554994e-12
1.856989171808431927e-12
1.510844509396147561e-12
2.847849560339010822e-12
1.989708094465858501e-12
2.022145471902714320e-12
3.052014804078018173e-12
1.585276614840536169e-12
2.122609379928697138e-12
2.401225268969242599e-12
1.348957620952995207e-12
2.194967515037338224e-12
2.034320411778423043e-12
1.806807524776243845e-12
2.119729738958575638e-12
3.133804847565979657e-12
3.126726091581821798e-12
4.567467931648749868e-12
3.588924730318909795e-12
3.683879590266059267e-12
5.666281246291537954e-12
4.768905756402652685e-12
3.957598571774356699e-12
3.527972618905250712e-12
4.182967340560228564e-12
5.370819240735347222e-12
7.619920319723583191e-12
5.127986577035947846e-12
2.580417650388522333e-12
4.331597580620183408e-12
4.746884309236865107e-12
2.772109798654387447e-12
3.240194137305030253e-12
3.436642463661154778e-12
2.191879273569230513e-12
3.950935498903129783e-12
3.334174733179984251e-12
2.770251909811616287e-12
2.432976996952218585e-12
2.593214705470803239e-12
2.825765229447219085e-12
2.712667113505262684e-12
2.604101179484730189e-12
1.813391017208010325e-12
1.662517562853182973e-12
1.323468678399164489e-12
1.193918878691913044e-12
1.473461110068630120e-12
1.473652797012725557e-12
1.494614978655994797e-12
9.910357040218698010e-13
7.245236854046266384e-13
6.607730855534565961e-13
7.011034005958982629e-13
6.328897367118002659e-13
5.579837264978182443e-13
6.207513344493043039e-13
9.820808445984430257e-13
6.773924953948351479e-13
6.518439217215177273e-13
6.514526331574677087e-13
8.254536919445609744e-13
7.992014710613004613e-13
1.035016039888092543e-12
8.214656168833989192e-13
1.148109493760707256e-12
1.229134632615980216e-12
1.167157733308887835e-12
1.192548989246977609e-12
1.047527407697923518e-12
8.962984976608467935e-13
1.075726964103185246e-12
1.439053845704585388e-12
1.651643882424891352e-12
2.130354052887195593e-12
2.560008628693655197e-12
1.809557061485667084e-12
2.572431200345559610e-12
3.266639563015427683e-12
1.743341907466111618e-12
2.745394406603041126e-12
2.222582361210978519e-12
2.571155311228978668e-12
3.614822633932202045e-12
2.292471117451566620e-12
2.016783875319339003e-12
2.655571942900003535e-12
1.383507241062287285e-12
1.280534163948521265e-12
2.110278748621019496e-12
2.281856561342499035e-12
1.620544193628448149e-12
1.986561306080436573e-12
2.248243475069799935e-12
1.622138621343305331e-12
3.278178726737190907e-12
2.799680192538955836e-12
2.438176830571459064e-12
5.364663574480843522e-12
2.683240782341833608e-12
2.146330639260507489e-12
3.606741641459798586e-12
2.055314035284694363e-12
1.854536055972966224e-12
2.386196492135117531e-12
2.051656370835597265e-12
2.139655640165383232e-12
3.048443875802719916e-12
3.950138827146787435e-12
2.179960422246662866e-12
3.131941754552780566e-12
5.325416756879475244e-12
4.663423727041537958e-12
4.552626504950030295e-12
4.214032334887152231e-12
2.718049960451218716e-12
7.243225116915219530e-12
3.787765240348406337e-12
3.262876514115164994e-12
6.090709533945748433e-12
3.285728893825945462e-12
2.677312581703117367e-12
3.401192088386961743e-12
4.668345571223753154e-12
3.758513465734747427e-12
9.574193868266966945e-12
7.972848076187588617e-12
6.390689193114251765e-12
1.096913532228072086e-11
8.377458449171371058e-12
1.543690869576508362e-11
2.256296365021892569e-11
1.017690966220730076e-11
2.342414109901547192e-11
1.298103985414300610e-11
7.778754203269233614e-12
1.099999431819487228e-11
7.034967226815513897e-12
4.643061109199653202e-12
7.188058308293943099e-12
3.773265554174454195e-12
3.481787774761713194e-12
4.580787138497299793e-12
4.882994182608957345e-12
3.211900363730979535e-12
3.612089793936235083e-12
3.728279837633685645e-12
3.036420724231159163e-12
1.898806199079894341e-12
3.222156482601823413e-12
2.381331460146740575e-12
1.978925487020055662e-12
1.986314324825544375e-12
1.336228870607580888e-12
1.508965044930143939e-12
1.950845301273984589e-12
1.917312229121614919e-12
1.472487713358172634e-12
1.676244754979239193e-12
9.842836181522818251e-13
1.068632595607743596e-12
1.037865323197384448e-12
1.166169808289319043e-12
1.603294645484421022e-12
1.229183204873307567e-12
1.102269968009106371e-12
1.123475661460315855e-12
7.998930836271289646e-13
6.502155584786617482e-13
6.482836186275098278e-13
8.599987584047286138e-13
9.827420995034419349e-13
7.348299486259479707e-13
7.295775312013419445e-13
8.864815890900767936e-13
8.375190731907400377e-13
9.468191205022624679e-13
9.422415105098114196e-13
8.058792348719645560e-13
1.164225074852531794e-12
1.556202215702295888e-12
1.278731027315460622e-12
1.972664653154820869e-12
1.856260154267652673e-12
1.181633458614828047e-12
7.067076416254758353e-13
9.705214062960543231e-13
9.573714434066293855e-13
1.103264940342796319e-12
8.167448922041797843e-13
7.029245891951307890e-13
7.143405875500996594e-13
5.770793998910450640e-13
5.999776955638302933e-13
1.095545312454482278e-12
9.170713233946914400e-13
7.837216119133127989e-13
6.515473924273429418e-13
5.016144292470381405e-13
5.179562291221517789e-13
5.157606655127600082e-13
4.387487281039964548e-13
5.056138342209026693e-13
4.334364627194692288e-13
4.831138744262886142e-13
4.214712888590821382e-13
4.359967248346308111e-13
4.390662096051545227e-13
4.783409454124643023e-13
5.168241594237510395e-13
7.473998633530931635e-13
7.367174903981366096e-13
7.298562253697793434e-13
1.033034443577440786e-12
8.237051448908849771e-13
1.034040908454159080e-12
1.026039930102085052e-12
6.477871624527287153e-13
7.414422266253939409e-13
7.702600493195155273e-13
5.162843893721791311e-13
4.847821905192006842e-13
6.320700256592926003e-13
8.051040845287460446e-13
5.746688932009580419e-13
6.980591777359934635e-13
5.827875616988553720e-13
5.621899430360843830e-13
4.795484755820700329e-13
5.023546140701939944e-13
8.987987220807069910e-13
5.152305990706318450e-13
5.312699065396220277e-13
8.281396401965679388e-13
5.347961656854138823e-13
5.172271031611552772e-13
7.012955212208626943e-13
7.221557336498096724e-13
7.840445415303876064e-13
7.580057458447808649e-13
7.829520994213912122e-13
7.766678467892307314e-13
1.149798789165656920e-12
1.403141058203827285e-12
1.241183154518377130e-12
3.687958792519818729e-12
1.919424254953616682e-12
1.602664615601989695e-12
2.446510225309617148e-12
2.215621783263621580e-12
2.108164120703803768e-12
4.248002991036337050e-12
2.787959750213953036e-12
2.150174569642837596e-12
2.588582993789945164e-12
2.153683264713435186e-12
1.440607398997539867e-12
1.677358122190164558e-12
2.308514490678703623e-12
1.203572614835723975e-12
1.906897383052719164e-12
1.266844051536764049e-12
1.045625717087383943e-12
1.194683241223515324e-12
1.185230299322048708e-12
9.006318911139454819e-13
1.305477535969157277e-12
8.341200451698893570e-13
8.267686123393513942e-13
1.078265406649625557e-12
9.731031085091768063e-13
7.638526313205606932e-13
9.739448830758945519e-13
1.670267873662978353e-12
1.717510248605558232e-12
2.557368813244087491e-12
9.451361134699132194e-13
8.789905652298313221e-13
1.076653523279791358e-12
1.398259329501994053e-12
1.952872108815228991e-12
1.263739980716938049e-12
3.329378439609342877e-12
2.079357519502167406e-12
1.810569055793465054e-12
1.812519752342200974e-12
1.317905637052141365e-12
1.161441711035327007e-12
1.014479082336872118e-12
8.578638016967787827e-13
6.843442370944863296e-13
9.325337810978107100e-13
5.934240729019157889e-13
6.882130499166749793e-13
6.040481157799926226e-13
5.329045581550784227e-13
4.951074814886491371e-13
6.356446944320859327e-13
5.906542616118670708e-13
6.758361231762322063e-13
6.072507405772975542e-13
1.012498028127306604e-12
1.189556157570048622e-12
8.074035147062619266e-13
6.412109341755178882e-13
5.104775109565640179e-13
4.582798441947477652e-13
5.424330689479672785e-13
8.541713343579449003e-13
8.922231443247996552e-13
7.890350699202297591e-13
1.147189548217353305e-12
2.097159902333944892e-12
1.256805857302589757e-12
2.791085505077228746e-12
3.018545483013390651e-12
4.371580354656234846e-12
1.279820520394547856e-11
1.038217428694920841e-11
8.187895673972267474e-12
7.703161025718330279e-12
8.513740060167585000e-12
8.670049921055689168e-12
7.898591503074925413e-12
3.054033588523186182e-12
3.115968854466855120e-12
5.763596631208622867e-12
2.876317673622397209e-12
3.645300641202942060e-12
5.177412318313479034e-12
2.411433032423193623e-12
2.157647324696476687e-12
2.708460192235584429e-12
2.371147115459715238e-12
2.405288641871283772e-12
4.998561460578532234e-12
4.686838590839403906e-12
3.151042144225457697e-12
4.134755472035012147e-12
3.820085307110199224e-12
3.358786773016708693e-12
3.327292000948611772e-12
1.965814663829057451e-12
2.216881409347615239e-12
3.322089998925026322e-12
1.520687872499926208e-12
2.594147336179575269e-12
2.003277535175818080e-12
1.128561111750359114e-12
1.607641645674784403e-12
1.385200331174840649e-12
1.442480249830291328e-12
1.838098249995478994e-12
1.462929929106626670e-12
1.035377946573268204e-12
9.486095719699050299e-13
1.611413042931775230e-12
1.376723171228610987e-12
1.567181389001970349e-12
1.645421212476128048e-12
1.570684012540402019e-12
2.566616190413650855e-12
1.587932476482256661e-12
1.396644518786294142e-12
1.489570836468723236e-12
1.041409580099239562e-12
1.288587075584657349e-12
7.626737782984172043e-13
7.326951003382153882e-13
4.598621288452731104e-13
5.990871861094593243e-13
5.243334520906028917e-13
5.256508661503900282e-13
7.419032835992434016e-13
5.051509341033599831e-13
5.492598563472395057e-13
9.381188317489352890e-13
5.978110801524438855e-13
7.015416893241255281e-13
6.339140367142559462e-13
5.402670498477757377e-13
7.002830390220871060e-13
5.950380162558777108e-13
4.875998151250560131e-13
5.262982432675811229e-13
5.838409183195336638e-13
3.672039614651539940e-13
3.767136342452959141e-13
8.061648679343058621e-13
1.095400029363369221e-12
8.104571701250673499e-13
1.123305441719235631e-12
1.375706623271688578e-12
7.678554515312685513e-13
7.819538202710751840e-13
9.330650401623286072e-13
8.259407697705500873e-13
1.036290085860980259e-12
1.636549186098679165e-12
7.061692810367281581e-13
6.848732735445506314e-13
8.992257351063404069e-13
1.087668475251157840e-12
9.222205247724768462e-13
1.402544530168525760e-12
6.506755854604473477e-13
9.018696163140549338e-13
1.389282786035117567e-12
6.421335360141944282e-13
8.302574123000838746e-13
8.871619259533114477e-13
5.836829500630025258e-13
6.486140292395747853e-13
6.990388628190513653e-13
5.762337764066149948e-13
7.910467528411679883e-13
1.068999923303781685e-12
7.752027101834424450e-13
6.483404850314566925e-13
5.397310202936989043e-13
7.041909915427024824e-13
8.135449779123060665e-13
1.538030770451004337e-12
1.021122531148777046e-12
7.454697666456344685e-13
1.250069926045371815e-12
2.006771701937304364e-12
1.477053939227812585e-12
1.823098963460445532e-12
1.097033271516001385e-12
1.754091663586088146e-12
1.739018651303325669e-12
1.465105597606153331e-12
1.022326754501756696e-12
2.017704579804213694e-12
9.920031376203786166e-13
1.079255825334191066e-12
3.546702211434937801e-12
3.211770259470281275e-12
3.237335096176185978e-12
2.940484227637041315e-12
1.844605414594302495e-12
2.299916767450893573e-12
1.610278100097617404e-12
1.182624636240914295e-12
2.702108068547426356e-12
2.010007611741304601e-12
2.655160813436197031e-12
2.936173873480107943e-12
1.801458288097634863e-12
3.111735695504602717e-12
2.389644905564924926e-12
1.286665001973275047e-12
1.611832954433178866e-12
2.093255039789521099e-12
1.465021897198437451e-12
3.498206715621399177e-12
1.442529038928053176e-12
2.257916943693150102e-12
1.988565562216493277e-12
1.058725589836440051e-12
1.620663564287638803e-12
4.685889697098044593e-12
3.261915910990342837e-12
4.922853791278214430e-12
4.761429531902061640e-12
3.874045615553933786e-12
3.184506694800526283e-12
6.363563322120402432e-12
2.934173520471872187e-12
3.028707709976097284e-12
3.706826078725411477e-12
1.747986195892170525e-12
1.793752971677997632e-12
1.366590759825647705e-12
1.309513912237103561e-12
1.710827876935661074e-12
2.666699760317525758e-12
4.353545302038241971e-12
5.070755881159128009e-12
2.468956896567453541e-12
2.241588858975518406e-12
2.638320117931414188e-12
2.420856700866003131e-12
1.498896926716009048e-12
1.491439784173653749e-12
1.134495492341458522e-12
1.673776135052706948e-12
7.430088445545268705e-13
9.992211051634836139e-13
8.055832476788760133e-13
1.409465859997238724e-12
1.384809801552311370e-12
9.384478871082846396e-13
1.033596060302788278e-12
6.371498380980389342e-13
8.094911459893827654e-13
4.960682472437971668e-13
5.413611182600308602e-13
5.574442274967894573e-13
1.003507715292839553e-12
8.361786198347875843e-13
7.016118914147939645e-13
7.787012137536186707e-13
5.976605928909028975e-13
5.119087120343535080e-13
3.790693887256724182e-13
3.329740454714735787e-13
5.597715758802468411e-13
3.931725821651466113e-13
3.594188206605675173e-13
3.022865432359550519e-13
3.223693284971212991e-13
6.312423457208171662e-13
2.846346747707728664e-13
2.865599467785640009e-13
2.623679268634604433e-13
2.297283457214360780e-13
2.522995918088910550e-13
2.682501031199546748e-13
2.668893751833767425e-13
2.944412834209042540e-13
2.829829469710998247e-13
2.577003280906930982e-13
2.591723493802766676e-13
2.232021669270126130e-13
2.227409473228372794e-13
2.220156025169173208e-13
2.763576585455840284e-13
2.232304239461330164e-13
2.154606788123958339e-13
2.163891488953309516e-13
2.147974452384321387e-13
2.147059385750743621e-13
2.677287916103693322e-13
2.695821539090703656e-13
2.322168336527791199e-13
2.628720266635575786e-13
3.342935195153884376e-13
3.283621746903719885e-13
2.453519700774953183e-13
2.704703865388791151e-13
2.591669554744685522e-13
2.988682435214884414e-13
2.353825413661109200e-13
2.362076463244267011e-13
2.518395377220511433e-13
2.734813243920886094e-13
2.395858576635656600e-13
2.120115199935948547e-13
2.143602000547958908e-13
2.161142358819700959e-13
2.712735635082563768e-13
3.279754126703920969e-13
3.107933019014935683e-13
4.235500838944972202e-13
5.847467692346453028e-13
3.196184365349824530e-13
2.959439334218605389e-13
3.545362245969962967e-13
2.925125961762697901e-13
2.843461685726744737e-13
3.155791058161161455e-13
4.312709857203639308e-13
4.447956759856541709e-13
5.457522454788144017e-13
3.858711310547602302e-13
4.931113026587774506e-13
3.826077909357961104e-13
3.067242369380468459e-13
4.093159188325867781e-13
2.978581465674923212e-13
2.838769258724227473e-13
2.898371646853359351e-13
2.764143623192050203e-13
2.397816103658079179e-13
2.163942310930144775e-13
2.866352988295517434e-13
2.800754420051454474e-13
2.831173338303794029e-13
3.468550858858054919e-13
2.388616648224539674e-13
2.930941080114823905e-13
2.598025961031424913e-13
2.380629872920925205e-13
2.348810707562820621e-13
3.914399999884604631e-13
2.171101026824523439e-13
2.447271172604376099e-13
2.377877625706070752e-13
2.253258885899500630e-13
2.502414779299161340e-13
2.118761437998328834e-13
2.000494903195079721e-13
1.794658307597077340e-13
2.211130042083231384e-13
2.168772973709653940e-13
2.128800879065001483e-13
2.564623860501491492e-13
3.677709720963096007e-13
4.050859040566345826e-13
2.942257169239598236e-13
3.397521521932012067e-13
4.912430054751504294e-13
4.905066153595982748e-13
3.075788321954542326e-13
3.364160350034089975e-13
3.299573071366412869e-13
3.714699988582870205e-13
3.616553129019706159e-13
3.088779774486349883e-13
2.921430458657781060e-13
3.864145602886642772e-13
3.173347001839132986e-13
3.657683693685659376e-13
3.218014505042277040e-13
3.599946404343745687e-13
2.523912068924660801e-13
2.500469720601722345e-13
2.853688422718714257e-13
5.750843594734544872e-13
3.286436606794035376e-13
3.997588935225615536e-13
5.030905705048771548e-13
5.473583825771344280e-13
3.027910496118668693e-13
3.963690812201769997e-13
3.857994381861046262e-13
4.887148628493487301e-13
3.744150172194093962e-13
4.103681370409839602e-13
3.611907864811692015e-13
4.082284640535838172e-13
3.542458481501503664e-13
4.248493917780038487e-13
3.307552528305363060e-13
2.856283731669101433e-13
5.176855580497907727e-13
2.986584504011124963e-13
2.539061625880800754e-13
2.868595118388217458e-13
2.203224581942553328e-13
2.297489455627133026e-13
1.867462076903664281e-13
2.243933391963409685e-13
3.242052080357910038e-13
2.905893299424977538e-13
2.492799803383016766e-13
2.163853541877272524e-13
2.226314700084705556e-13
2.277545556664262172e-13
2.466339849363508030e-13
2.452933418450181646e-13
2.229565002672545537e-13
2.041477880840303349e-13
2.435257399381607346e-13
2.209851225620784732e-13
2.170923217668235816e-13
1.828826803537686452e-13
2.346061170853397382e-13
2.635555348181467528e-13
2.204155233982360573e-13
2.151903736582680415e-13
1.548396014270508880e-13
1.954344346945247057e-13
3.541806062844210512e-13
1.831794942510137081e-13
2.009688259991398995e-13
1.865043357382120681e-13
2.376659524565283288e-13
1.990884128562353528e-13
1.787952110584439813e-13
1.744970406234239158e-13
1.625293053354043282e-13
2.117275945496752132e-13
2.059209194219674410e-13
2.055675237238457909e-13
4.615125556023391695e-13
3.834549865133762836e-13
4.842114122854956904e-13
1.390949638455096782e-12
9.237708254589138690e-13
9.598838651009300449e-13
2.612385134603822934e-12
2.021577133123897418e-12
2.234278300566883146e-12
2.960415333014276840e-12
2.206510581886922395e-12
2.351588975629814726e-12
2.465624492770102094e-12
3.589817679228168856e-12
1.857424587400902105e-12
3.370742487213140848e-12
3.336043247204045770e-12
3.790955396820727685e-12
4.939927807090516154e-12
6.143268185820893734e-12
4.137767385670176878e-12
3.929702049876304670e-12
3.364392965610196740e-12
4.641265670402017207e-12
1.008278009695384725e-11
6.069882010212301893e-12
1.019775843630332801e-11
1.402222608859471364e-11
8.730359317421498844e-12
1.168453962058224604e-11
1.279901878925571168e-11
2.097990010885286694e-11
4.663392588755144175e-11
6.241852174015960486e-11
2.505348012382668799e-11
2.513317678976001446e-11
5.453462334492620300e-11
3.355188349374316203e-11
5.316717899273015746e-11
2.497062626116708373e-11
1.627091170131045317e-11
2.313564617661967304e-11
2.784753851126087199e-11
1.618525972968409832e-11
1.423899366470582351e-11
7.308034385977713043e-12
8.363389841781199152e-12
1.196878533782363974e-11
1.268140453758448416e-11
4.873310522485185814e-12
6.720577219732071228e-12
7.043574924703310813e-12
7.286725042798813945e-12
9.994899005660862201e-12
1.198686983006069795e-11
8.968707720935498173e-12
1.025177946006872176e-11
7.288476246147812532e-12
6.496838657332748568e-12
5.553116994017059938e-12
4.619611550932267718e-12
3.751186427453090388e-12
4.131289060849141492e-12
6.374349832694026219e-12
3.744638280012146936e-12
5.468354068172143201e-12
3.948797018538119374e-12
3.293910717100390073e-12
7.959353662267965035e-12
4.439653505938778721e-12
4.542834858289879207e-12
5.954622211978843893e-12
7.594661011189884903e-12
3.727523064517290763e-12
7.673609143943327382e-12
3.522184280346785101e-12
2.094289151821637773e-12
3.357368636575097653e-12
6.177483437980191283e-12
4.389818803601786001e-12
2.106567524584601614e-12
1.571824484805639521e-12
2.241784232207000294e-12
2.480965953510771982e-12
1.364092324339372109e-12
1.012875764164200554e-12
1.086548928087849308e-12
1.043808485826080990e-12
8.088048460141994411e-13
7.919133014275270277e-13
6.017381688414036311e-13
6.107023524035137818e-13
5.091011162985936700e-13
4.120238221785865740e-13
5.179441944780371898e-13
7.091357123907571225e-13
6.609470457920318953e-13
5.202971300327652315e-13
8.633546351791143714e-13
6.997354627148733019e-13
4.851502771567595129e-13
9.873579818325817214e-13
7.841163699243147711e-13
4.883482940948313811e-13
8.070783624747335239e-13
8.291689275290170524e-13
4.605423030781818916e-13
6.115016804551787200e-13
5.592373352597546088e-13
4.070609680491971138e-13
3.024000320983599721e-13
3.943912796171289425e-13
4.465447922454707230e-13
4.439830664573762853e-13
3.735517212395678133e-13
9.203633948712264257e-13
6.117181414189154509e-13
5.702696344658808592e-13
1.266540691768902605e-12
1.134051619972042957e-12
8.199199240561949598e-13
1.841385984663324038e-12
9.916716970162497979e-13
1.099203627424882868e-12
1.445959671442231809e-12
1.120678528275520502e-12
5.641852545042180811e-13
1.042656954698684135e-12
1.162666208968932136e-12
7.474159095452459489e-13
1.123721450092818319e-12
1.128704334857344449e-12
8.196251294854961511e-13
2.443328525614241187e-12
2.326983224165690700e-12
2.683704820871657404e-12
5.287574631612779186e-12
2.598474387049964918e-12
4.147654442121506690e-12
5.191627509837370980e-12
1.807612328048879835e-12
3.347735066591694952e-12
3.218060800475042171e-12
2.260479780788471338e-12
2.958534025404579992e-12
1.651759241536043810e-12
1.754656532917953093e-12
2.392153098870752892e-12
1.544187954588549516e-12
1.212040450643270262e-12
1.755044677295702904e-12
1.315288481427978606e-12
1.587297350849614652e-12
2.759651448330791013e-12
1.413535087591011319e-12
2.897051088607272007e-12
3.500913317924791990e-12
1.080656180860173343e-12
2.075872893719798995e-12
1.162174089602840965e-12
1.509817661518586540e-12
1.704649876116404172e-12
2.934753568634151932e-12
2.124494590666214933e-12
1.352227574705211488e-12
1.049361986193986240e-12
1.091519669788043601e-12
1.563822422251393007e-12
9.630590595832710932e-13
7.533438391334190687e-13
1.080789104046520066e-12
1.106864166294796448e-12
7.938172146525201978e-13
6.981481365242458992e-13
5.586507818844399509e-13
6.161968179631271969e-13
7.275752266291957149e-13
4.894207326737454178e-13
2.864382450847025030e-13
3.963552576424778096e-13
6.853864806428966450e-13
5.959812721459400997e-13
4.244691620761131823e-13
5.687389578387658240e-13
3.423837819163666474e-13
5.186637794599158191e-13
3.854102367112366423e-13
5.154007646016034450e-13
3.361281793266140960e-13
3.526799078473752402e-13
4.016205228628277890e-13
2.033268844091329353e-13
1.925473669395216803e-13
2.097801370549295941e-13
1.961445871175027111e-13
2.196708933461730129e-13
1.840851283256908499e-13
1.762809055628686283e-13
2.002001402113748330e-13
2.067703782715826777e-13
2.293550549134493188e-13
3.686734077745779103e-13
4.225519673745070648e-13
2.556038334548121904e-13
2.703658423443972003e-13
4.080487304384400327e-13
5.422697881007909615e-13
3.901657100700839376e-13
6.520458001660345282e-13
5.855026749893021965e-13
3.272984097288378358e-13
4.602404069832533029e-13
6.810173085181059349e-13
6.425703068593802136e-13
8.888617923294428458e-13
2.592350162658463297e-12
9.323451299197982323e-13
9.520148341532475023e-13
8.101483351362348539e-13
9.355298653812571530e-13
8.185815848944788531e-13
7.466697616101414248e-13
1.014837736415530323e-12
4.141817097624844735e-13
4.311122043122034286e-13
9.017128406799135298e-13
5.261883593773997170e-13
4.978799490740204448e-13
9.259537581129961836e-13
9.777578052760915739e-13
6.989351046711445026e-13
1.386551247081757587e-12
6.951464685996111559e-13
8.371021432453107369e-13
6.817852489168774177e-13
3.633734480847083947e-13
3.640502612908824709e-13
3.130271378475740773e-13
5.295323641379967583e-13
4.163292432156351364e-13
5.161683255296145578e-13
4.284693259914984509e-13
3.931860533771397437e-13
2.745271458076681270e-13
2.247845735502823628e-13
3.995991363324458145e-13
2.764866786041098035e-13
2.799724970088679488e-13
4.819490076121701883e-13
3.964704541233043944e-13
3.728776727489335752e-13
4.747166201801711338e-13
1.137165665451855823e-12
8.356310435275737802e-13
1.891666944614511792e-12
1.020527629416734250e-12
7.859444432073425801e-13
1.771295566818653633e-12
2.042844409258504079e-12
1.512195967404150743e-12
1.639972771298736642e-12
1.807053313408746309e-12
1.459462000037714535e-12
1.350103297388660639e-12
5.569743884853428639e-13
6.067985198511538503e-13
7.523461020841892832e-13
5.164039226616956579e-13
3.453664220928742701e-13
5.428645814126165092e-13
4.169527678850315500e-13
5.071959020309935173e-13
5.227994686468617758e-13
6.894745191443618637e-13
5.269069143672144850e-13
3.694941488191494372e-13
1.016858038743739812e-12
5.732625745630270941e-13
5.365635778568911274e-13
7.514514184514542450e-13
4.034634497156186494e-13
4.202254863527876694e-13
4.430577541132685315e-13
5.084341151220805877e-13
2.940314278946504212e-13
2.240577515189023927e-13
3.821081363646061657e-13
3.764311995793634402e-13
2.711773676705026004e-13
3.571432700359006285e-13
5.123100836786076417e-13
4.945052613919420637e-13
7.054070869094708485e-13
1.102228876746769171e-12
5.820247170502945711e-13
9.573995242428967600e-13
7.919288597287021947e-13
5.698885374022522043e-13
6.028410192912558863e-13
6.201557279858493921e-13
4.460952007095952965e-13
4.045243415413957155e-13
3.207082494537105699e-13
2.691083575596942001e-13
4.808981446564886131e-13
8.520044478960153711e-13
1.000504366854837457e-12
7.196816385023063756e-13
5.666781063493053772e-13
7.521224311760055237e-13
8.771696476811419174e-13
9.321188569264005075e-13
7.111711393392727842e-13
4.742636405125066901e-13
3.825854021609342848e-13
3.782119474375622570e-13
2.853784916712065467e-13
3.653066347683586734e-13
3.544640980474716985e-13
2.724176678507717053e-13
2.643752187656001063e-13
3.730811774967091043e-13
7.274636622256469565e-13
6.207102431869671033e-13
5.486925475604864655e-13
6.691433973755878117e-13
4.792941217524049335e-13
3.537783943834832412e-13
3.456966158645047305e-13
4.178507854394469812e-13
3.465311262766668232e-13
2.916361271400325084e-13
5.433696027845602572e-13
5.318752166125206848e-13
4.927514559577295117e-13
1.354752031043626737e-12
9.558856527494552502e-13
6.581679645734084261e-13
1.553420803449001575e-12
1.974159984791112876e-12
1.501672701118006437e-12
2.004711067288278414e-12
1.167075225523561688e-12
1.376006079911729074e-12
2.586946499030795543e-12
1.047191196604235763e-12
1.062019396036451013e-12
2.721394724153336497e-12
3.082520566924373817e-12
1.702250753549128248e-12
2.559645204125438056e-12
8.543383557026162922e-13
1.095583042690084774e-12
1.479134089515943273e-12
7.763803705831961999e-13
1.044097100444396631e-12
1.640068181089915367e-12
1.151142874598887200e-12
1.363998866112103858e-12
2.411569425056492300e-12
1.639294169158977965e-12
2.991287339354498087e-12
4.070067633615837011e-12
2.610965913960039408e-12
4.936060674781694857e-12
2.978498741049162568e-12
1.522168133726020667e-12
3.268348916160568329e-12
3.859932339034255477e-12
2.632253789935923294e-12
6.547043723131862336e-12
4.631677853750293394e-12
2.189816036834990598e-12
5.098607300246804641e-12
8.074888847853234353e-12
7.833492535191943773e-12
1.907646610121993547e-11
2.401402340868052931e-11
1.364074998788655790e-11
2.329611330231795563e-11
2.841896162841806017e-11
1.217580463536149793e-11
2.353529870990911377e-11
1.436868159176984960e-11
1.394619749545134013e-11
1.762300722019105592e-11
1.231225451453488162e-11
2.239078714105779966e-11
3.912370427627820391e-11
2.414847488640958773e-11
2.668694605578725287e-11
